intersection_id,intersection_name,latitude,longitude,prediction_year,predicted_crashes,actual_crashes,prediction_method,model_version
00010b7b-81ac-58c1-8a1e-a985d3b50523,"E 32ND AVE & MAIN ST, VANCOUVER",49.241993,-123.101422,2022,3,4,last_year,roundit-historical-v1
000513ff-093c-5275-a693-6a720c98cb35,"E 46TH AVE & ELLIOTT ST, VANCOUVER",49.228457,-123.054655,2022,1,2,last_year,roundit-historical-v1
000b4aef-de7d-5fbe-8db7-c9b198905751,"E 14TH AVE & MAIN ST, VANCOUVER",49.258397,-123.101131,2022,9,14,last_year,roundit-historical-v1
004cec47-2989-5e75-9416-0f4fc59af3c9,"CAROLINA ST & E 12TH AVE, VANCOUVER",49.259748,-123.091087,2022,5,7,last_year,roundit-historical-v1
005831bc-f9ac-59af-87ad-d9f371d509fe,"E BROADWAY & FRASER ST, VANCOUVER",49.262481,-123.089134,2022,25,25,last_year,roundit-historical-v1
007d1848-a4c3-58b4-bed5-71805606905b,"GRANVILLE ST & MARPOLE AVE, VANCOUVER",49.257053,-123.138793,2022,10,15,last_year,roundit-historical-v1
008217d5-c48a-51f1-b74e-3536e7b664e7,"VALLEY DR & W KING EDWARD AVE, VANCOUVER",49.249762,-123.159291,2022,2,9,last_year,roundit-historical-v1
011e8172-262c-5c2e-a250-4033ca045e87,"MANITOBA ST & W 2ND AVE, VANCOUVER",49.269277,-123.106627,2022,35,36,last_year,roundit-historical-v1
012b2106-9968-5c25-a29a-115664f62cbc,"E 49TH AVE & VICTORIA DR, VANCOUVER",49.225169,-123.065763,2022,66,76,last_year,roundit-historical-v1
013a0ec2-d5e2-55e9-a7eb-394120d3f07e,"DRAKE ST & GRANVILLE ST, VANCOUVER",49.276097,-123.127762,2022,15,18,last_year,roundit-historical-v1
01418250-a300-5f68-82c9-d323180a630d,"MONTCALM ST & W 70TH AVE, VANCOUVER",49.20856,-123.135963,2022,5,4,last_year,roundit-historical-v1
01456726-1094-5782-80c1-95405bd31b2e,"E BROADWAY & ONTARIO ST, VANCOUVER",49.263014,-123.104885,2022,1,5,last_year,roundit-historical-v1
0166648f-85aa-5dc8-b726-fa08b386dfc0,"CLARK DR & FRANCES ST, VANCOUVER",49.279468,-123.077195,2022,3,7,last_year,roundit-historical-v1
0181df92-3a58-5862-9546-5ecaf5ea3bc4,"VICTORIA DIVERS & VICTORIA DR, VANCOUVER",49.252959,-123.066272,2022,3,5,last_year,roundit-historical-v1
01d1473f-ac8e-5787-96cd-6d63cb75032e,"CAMPBELL AVE & E CORDOVA ST, VANCOUVER",49.28201,-123.084754,2022,2,2,last_year,roundit-historical-v1
01dde763-ea9b-5b8c-806e-e87cd5f93cca,"ABBOTT ST & EXPO BLVD, VANCOUVER",49.278645,-123.107641,2022,12,24,last_year,roundit-historical-v1
01de7abb-6300-5789-b018-66fde5192844,"ABBOTT ST & W PENDER ST, VANCOUVER",49.281065,-123.107583,2022,20,11,last_year,roundit-historical-v1
0211cf07-5235-5d28-ba01-f411426ef5e6,"KINGSWAY & WINDSOR ST, VANCOUVER",49.253845,-123.083718,2022,13,18,last_year,roundit-historical-v1
025e58fd-2ca7-5fe3-8568-feefba5ee3a5,"BOUNDARY RD & E 22ND AVE, VANCOUVER",49.250655,-123.023652,2022,26,25,last_year,roundit-historical-v1
026ef73a-3844-5f06-b278-8e8860078226,"COMMERCIAL DR & E 18TH AVE, VANCOUVER",49.254248,-123.067997,2022,5,3,last_year,roundit-historical-v1
03098e2b-c54d-5ddd-bfd1-aa98fbfb7762,"BUTE ST & HARWOOD ST, VANCOUVER",49.280378,-123.135495,2022,1,1,last_year,roundit-historical-v1
033ee0c6-4191-5afa-a7ce-34bbb980d545,"HOMER ST & PACIFIC ST, VANCOUVER",49.273108,-123.125875,2022,4,1,last_year,roundit-historical-v1
034ee609-379a-512e-8f4c-04e28db424af,"E 19TH AVE & KNIGHT ST, VANCOUVER",49.253492,-123.076,2022,8,6,last_year,roundit-historical-v1
0378c4b9-f688-5cbb-9b07-792e78619973,"COMMERCIAL DR & VENABLES ST, VANCOUVER",49.276673,-123.070461,2022,14,23,last_year,roundit-historical-v1
03b25a4c-b555-5e53-be64-2b15af1ae780,"KINGSWAY & MCHARDY ST, VANCOUVER",49.235384,-123.038735,2022,2,1,last_year,roundit-historical-v1
040ba45f-79dc-5fc5-b93a-68c193e4b373,"ONTARIO ST & W 16TH AVE, VANCOUVER",49.256637,-123.105058,2022,1,2,last_year,roundit-historical-v1
044c6f48-59b2-5491-8fac-5153278db754,"FIR ST & W 10TH AVE, VANCOUVER",49.262677,-123.141066,2022,9,5,last_year,roundit-historical-v1
04b89c3a-a535-504c-8609-107f588c5d4c,"BALSAM ST & W 6TH AVE, VANCOUVER",49.266513,-123.159919,2022,3,3,last_year,roundit-historical-v1
04cc77e1-fc1c-54a9-9931-2480e89d26d6,"LAUREL ST & W 22ND AVE, VANCOUVER",49.251668,-123.124625,2022,3,1,last_year,roundit-historical-v1
04d8adcd-467a-5f3d-b6e7-df98d3bba5cc,"BEATTY ST & SMITHE ST, VANCOUVER",49.276538,-123.115575,2022,10,19,last_year,roundit-historical-v1
04e53ca1-b899-5c5f-817c-b9e9b3ff60ed,"ALBERNI ST & BURRARD ST, VANCOUVER",49.284014,-123.121665,2022,30,20,last_year,roundit-historical-v1
0512e9e7-47bb-5b5a-b038-86278d551c17,"POWELL ST & VICTORIA DR, VANCOUVER",49.284833,-123.065509,2022,23,21,last_year,roundit-historical-v1
05287be8-904b-56b0-a50d-50f182b4e654,"E KING EDWARD AVE & KNIGHT ST, VANCOUVER",49.248512,-123.076075,2022,35,27,last_year,roundit-historical-v1
056369e2-c88b-598f-acfa-fcb22ada97e5,"E CORDOVA ST & PRINCESS AVE, VANCOUVER",49.282134,-123.091419,2022,7,4,last_year,roundit-historical-v1
05818211-7fcd-58be-a210-714958dfd67d,"W 16TH AVE & WILLOW ST, VANCOUVER",49.257027,-123.122031,2022,5,1,last_year,roundit-historical-v1
0602a2a4-fa5b-5deb-ab32-175b3549debe,"E 25TH AVE & RUPERT ST, VANCOUVER",49.247871,-123.033763,2022,3,1,last_year,roundit-historical-v1
060bc7e9-28e2-5615-a6af-27bef8ca29b1,"BIDWELL ST & COMOX ST, VANCOUVER",49.287628,-123.13812,2022,1,2,last_year,roundit-historical-v1
063fb75b-078a-5d4f-8786-3c27f5035536,"E 49TH AVE & KILLARNEY ST, VANCOUVER",49.224744,-123.045697,2022,6,12,last_year,roundit-historical-v1
064acbde-985e-58f7-826f-0918b786cfad,"E 21ST AVE & NANAIMO ST, VANCOUVER",49.251525,-123.056597,2022,2,1,last_year,roundit-historical-v1
0658a226-026f-56ab-8a1a-4fa78789be63,"BEATTY ST & W GEORGIA ST, VANCOUVER",49.27871,-123.112254,2022,8,22,last_year,roundit-historical-v1
068d9ccd-0a61-5ac5-90b6-ce088d8153d3,"CROWE ST & W 1ST AVE, VANCOUVER",49.269014,-123.112326,2022,1,3,last_year,roundit-historical-v1
069d081d-cff0-5cf3-81a7-3f47872412d8,"E KING EDWARD AVE & FRASER ST, VANCOUVER",49.248662,-123.090155,2022,18,31,last_year,roundit-historical-v1
06ab36d1-ee49-5b02-926d-c04ec2f2b308,"E 41ST AVE & SOPHIA ST, VANCOUVER",49.233007,-123.098603,2022,3,2,last_year,roundit-historical-v1
06b857cb-4077-5556-913e-c281b79c7c43,"E 41ST AVE & GLADSTONE ST, VANCOUVER",49.232868,-123.062109,2022,8,10,last_year,roundit-historical-v1
06eb1afb-177c-5da6-a7b5-58f23c9c01e8,"ARBUTUS ST & W 13TH AVE, VANCOUVER",49.260049,-123.153096,2022,7,5,last_year,roundit-historical-v1
074ddbcc-e61f-54d8-a38e-a73281b40d3e,"NANAIMO ST & VANNESS AVE, VANCOUVER",49.248406,-123.056651,2022,3,1,last_year,roundit-historical-v1
076b49e5-6e92-572e-a880-acbc6836cad9,"W 16TH AVE & YUKON ST, VANCOUVER",49.256827,-123.113172,2022,8,1,last_year,roundit-historical-v1
076f85ab-7bcc-543e-b35f-f4ac2496df65,"TERMINAL AVE & THORNTON ST, VANCOUVER",49.271672,-123.093346,2022,5,14,last_year,roundit-historical-v1
07733970-3423-53d1-9163-882cf3199a57,"DAVIE ST & RICHARDS ST, VANCOUVER",49.27589,-123.124257,2022,13,12,last_year,roundit-historical-v1
0775df92-7199-56ff-906f-d85bd10de68b,"E 45TH AVE & RUPERT ST, VANCOUVER",49.229303,-123.043104,2022,4,7,last_year,roundit-historical-v1
078e818b-beb0-5754-a4c3-061d1605934d,"E 11TH AVE & SKEENA ST, VANCOUVER",49.260106,-123.028512,2022,2,4,last_year,roundit-historical-v1
0790bc1b-2595-5b1a-a310-d4d604cdab24,"E 33RD AVE & VICTORIA DR, VANCOUVER",49.240059,-123.065367,2022,41,45,last_year,roundit-historical-v1
07ea2c79-1527-5181-bc8f-7b6f11ebcb66,"GRANDVIEW HWY & SKEENA ST, VANCOUVER",49.258138,-123.028533,2022,41,40,last_year,roundit-historical-v1
07f84bea-690e-51f4-a609-21ea37569f91,"JOYCE ST & WELLINGTON AVE, VANCOUVER",49.24004,-123.030127,2022,24,19,last_year,roundit-historical-v1
085abd60-3e2f-5cf7-9196-079840b3fa8a,"E 1ST AVE & NANAIMO ST, VANCOUVER",49.269481,-123.056605,2022,59,69,last_year,roundit-historical-v1
087953a5-355b-5e32-8aac-d1848f125e33,"GRANVILLE ST & W HASTINGS ST, VANCOUVER",49.285312,-123.113845,2022,3,6,last_year,roundit-historical-v1
08912c71-7026-596a-a895-f91142a70fcb,"E 6TH AVE & RUPERT ST, VANCOUVER",49.264705,-123.033749,2022,1,1,last_year,roundit-historical-v1
0892d9bf-2261-5845-8077-ccddcf06cfbe,"E 35TH AVE & VICTORIA DR, VANCOUVER",49.238236,-123.065418,2022,16,10,last_year,roundit-historical-v1
08af8089-7fc1-53ff-805a-3a4549adefec,"E 43RD AVE & VICTORIA DR, VANCOUVER",49.231247,-123.06554,2022,32,34,last_year,roundit-historical-v1
08b5bb44-f1de-5ced-bc90-6ad352bf83c1,"CAROLINA ST & E BROADWAY, VANCOUVER",49.26249,-123.091043,2022,6,4,last_year,roundit-historical-v1
0915ad56-3ddb-5c7b-ac34-82848177c32a,"ARBUTUS ST & W 5TH AVE, VANCOUVER",49.267248,-123.152814,2022,7,10,last_year,roundit-historical-v1
09493687-62d5-5fcf-8bd8-c59d053f96cf,"KNIGHT ST & KNIGHT ST BRIDGE, VANCOUVER",49.211079,-123.077129,2022,2,3,last_year,roundit-historical-v1
09c7a543-fb88-5b4c-8783-34962cbe2cc6,"HAMILTON ST & ROBSON ST, VANCOUVER",49.27884,-123.115952,2022,7,14,last_year,roundit-historical-v1
09c8f7fe-47df-5a26-a46a-7f84050d8aa8,"GORE AVE & PRIOR ST, VANCOUVER",49.276744,-123.096883,2022,5,4,last_year,roundit-historical-v1
09cb26cb-1f5d-5e20-b428-d8183d8d8ec3,"GLEN DR & KINGSWAY, VANCOUVER",49.252948,-123.081798,2022,9,11,last_year,roundit-historical-v1
0a41dc45-2a5b-5eea-94d9-23ced2fc96aa,"HWY 1 & MCGILL ST OFFRAMP, VANCOUVER",49.287032,-123.031028,2022,18,22,last_year,roundit-historical-v1
0a547239-7ae9-5cfd-935e-799ab2278a41,"FRANKLIN ST & NANAIMO ST, VANCOUVER",49.282071,-123.056539,2022,2,3,last_year,roundit-historical-v1
0a816a81-223c-5923-902c-62181202b5c4,"E 2ND AVE & RENFREW ST, VANCOUVER",49.268482,-123.044234,2022,14,17,last_year,roundit-historical-v1
0ac0fa41-0d9a-5ff5-b81d-7100616ca956,"THORNHILL DR & VICTORIA DR, VANCOUVER",49.213233,-123.066055,2022,2,1,last_year,roundit-historical-v1
0ac24b24-b3dc-5dfb-84d7-c1c37f55a03c,"E 10TH AVE & GLEN DR, VANCOUVER",49.261443,-123.081407,2022,1,1,last_year,roundit-historical-v1
0acbda63-e88d-508d-b12b-9bfdfe98b5d6,"BURRARD ST & W 5TH AVE, VANCOUVER",49.267152,-123.145644,2022,15,13,last_year,roundit-historical-v1
0ad4fba4-5ddb-514c-a19e-0c349289dc7c,"MCGILL ST & N KASLO ST, VANCOUVER",49.288718,-123.046701,2022,5,4,last_year,roundit-historical-v1
0af5278a-47e3-5902-8f6c-fe0cbb352828,"E 19TH AVE & MAIN ST, VANCOUVER",49.253792,-123.100871,2022,4,11,last_year,roundit-historical-v1
0b53936d-8db3-5b0b-b487-231623ba1460,"E 37TH AVE & VICTORIA DR, VANCOUVER",49.2368,-123.065448,2022,9,3,last_year,roundit-historical-v1
0bcdb060-7943-543f-a5a6-ad679bb43824,"W 43RD AVE & YEW ST, VANCOUVER",49.232758,-123.158563,2022,2,5,last_year,roundit-historical-v1
0bdb2ce8-3111-5b81-893f-c01f9854e5e2,"CAMBIE ST & W 64TH AVE, VANCOUVER",49.212313,-123.117107,2022,8,7,last_year,roundit-historical-v1
0c2dffdc-cc48-5058-8e73-d49304500c3d,"KITCHENER ST & SALSBURY DR, VANCOUVER",49.27213,-123.067664,2022,3,3,last_year,roundit-historical-v1
0cb0b6bb-ac02-5e99-921a-707ba10355e6,"BUTE ST & COMOX ST, VANCOUVER",49.283195,-123.131246,2022,3,1,last_year,roundit-historical-v1
0cbdb86e-00e9-5acb-ad15-a1208917fde0,"CHURCH ST & STAMFORD ST, VANCOUVER",49.233299,-123.031612,2022,2,3,last_year,roundit-historical-v1
0cd03c4a-96ed-589d-bc58-39c3d653f5cb,"E 54TH AVE & RUPERT ST, VANCOUVER",49.220188,-123.044412,2022,1,4,last_year,roundit-historical-v1
0d162e70-8213-5ba4-a294-e25e129c4e41,"CAMBIE ST & W 22ND AVE, VANCOUVER",49.251214,-123.115325,2022,8,6,last_year,roundit-historical-v1
0d1d9e94-6bab-5dd9-bc89-d20d72035093,"GRANVILLE ST & PACIFIC ST, VANCOUVER",49.274993,-123.129483,2022,6,13,last_year,roundit-historical-v1
0d5c5bd4-5627-50c3-a88a-8b6f0ac8fe50,"E BROADWAY & WINDERMERE ST, VANCOUVER",49.261897,-123.036518,2022,4,4,last_year,roundit-historical-v1
0d9b3693-0756-5cad-ad04-80e8ffcfa63e,"E 49TH AVE & ST GEORGE ST, VANCOUVER",49.225524,-123.09408,2022,4,1,last_year,roundit-historical-v1
0da8e8c2-a3f0-5610-af0a-3b02c5c13a74,"E 49TH AVE & FLEMING ST, VANCOUVER",49.225257,-123.073161,2022,3,5,last_year,roundit-historical-v1
0deee078-ef9b-592f-afae-58a8ce66011a,"DUNBAR ST & W 4TH AVE, VANCOUVER",49.268585,-123.183636,2022,7,9,last_year,roundit-historical-v1
0e683fc2-f935-5b47-91b0-4926d8c21d89,"MACDONALD ST & W 19TH AVE, VANCOUVER",49.255507,-123.167763,2022,1,2,last_year,roundit-historical-v1
0e6c5575-9ef0-57a1-9cda-bd9944fabcc6,"HOWE ST & W HASTINGS ST, VANCOUVER",49.285971,-123.114856,2022,11,17,last_year,roundit-historical-v1
0e6e0a95-dad9-5c2c-9747-bb74561fed17,"W BROADWAY & WILLOW ST, VANCOUVER",49.263317,-123.121819,2022,28,34,last_year,roundit-historical-v1
0edc68c1-d1e6-5605-bf79-7303518df0f1,"BEATRICE ST & E 32ND AVE, VANCOUVER",49.241542,-123.066605,2022,1,1,last_year,roundit-historical-v1
0f70ca68-df9c-5a61-a246-7b041a11c6c3,"CYPRESS ST & W 12TH AVE, VANCOUVER",49.260976,-123.14825,2022,7,9,last_year,roundit-historical-v1
0fdacbd7-6750-5406-b7ea-dbde84cdc35b,"PAYNE ST & WELLINGTON AVE, VANCOUVER",49.239632,-123.029117,2022,2,4,last_year,roundit-historical-v1
0fdbc5bb-130e-5c2b-a8f0-7b857fc9ed47,"BOUNDARY RD & GRAVELEY ST, VANCOUVER",49.270289,-123.023569,2022,8,6,last_year,roundit-historical-v1
102b1777-7e85-5857-9d90-bc15f6c5daa3,"GRANVILLE ST & W 68TH AVE, VANCOUVER",49.210514,-123.140462,2022,15,12,last_year,roundit-historical-v1
1064e963-6f17-5d09-8739-723b85f0d829,"DAVIE ST & HOWE ST, VANCOUVER",49.277802,-123.127193,2022,36,47,last_year,roundit-historical-v1
1081895e-9802-51ed-bec6-09ed79e9892f,"E BROADWAY & SLOCAN ST, VANCOUVER",49.262006,-123.049586,2022,13,14,last_year,roundit-historical-v1
109de77c-74e4-5433-8cc8-e94e51dfd08c,"CAMBIE ST & W 13TH AVE, VANCOUVER",49.259444,-123.115012,2022,10,10,last_year,roundit-historical-v1
10a7a08a-6f02-5064-9720-2cc7f6c6a85f,"MACDONALD ST & W 6TH AVE, VANCOUVER",49.266636,-123.168358,2022,1,1,last_year,roundit-historical-v1
10c190cc-6f0c-55c2-9de2-7f040fd005fd,"KERR ST & ROSEMONT DR, VANCOUVER",49.215498,-123.041517,2022,3,1,last_year,roundit-historical-v1
10f71fc6-37cc-5b28-93f6-4ac9eb5ab9eb,"GRANVILLE ST & W 25TH AVE, VANCOUVER",49.249411,-123.139097,2022,5,5,last_year,roundit-historical-v1
112085e6-3b89-5bbf-bcba-7d48b43a98f9,"DAVIE ST & NICOLA ST, VANCOUVER",49.284452,-123.137481,2022,3,3,last_year,roundit-historical-v1
11441f01-cdf6-5fa2-85d6-b85cac2bc252,"CAMBIE ST & W 8TH AVE, VANCOUVER",49.26405,-123.114821,2022,64,68,last_year,roundit-historical-v1
1149623f-8bda-5e5d-a8b8-c9c03d8fe8ae,"HOMER ST & W CORDOVA ST, VANCOUVER",49.284066,-123.109951,2022,4,3,last_year,roundit-historical-v1
115e571e-1165-5baa-8f94-5863dc51dc6b,"LIONS GATE BRIDGE & STANLEY PARK DR, VANCOUVER",49.31104,-123.142559,2022,1,4,last_year,roundit-historical-v1
117a6383-3228-5e2c-9cdf-213f58be1017,"DUMFRIES ST & KINGSWAY, VANCOUVER",49.248944,-123.073352,2022,12,12,last_year,roundit-historical-v1
11964f95-1364-5b90-b593-bb2795995ff1,"N NANAIMO ST & OXFORD ST, VANCOUVER",49.285694,-123.056527,2022,2,4,last_year,roundit-historical-v1
11b1b3d2-9e21-557b-b370-2d48dcebee62,"W 5TH AVE & YUKON ST, VANCOUVER",49.266634,-123.112745,2022,3,3,last_year,roundit-historical-v1
120be93f-7617-536f-879f-6c46f4d9327a,"HELMCKEN ST & RICHARDS ST, VANCOUVER",49.276941,-123.122664,2022,8,6,last_year,roundit-historical-v1
1244322a-b188-53f2-a406-1c98e714925e,"E 49TH AVE & MCKINNON ST, VANCOUVER",49.224698,-123.038827,2022,5,4,last_year,roundit-historical-v1
1288e18e-4a13-5e58-aaaa-19341b1f7b2b,"KINGSWAY & MCKINNON ST, VANCOUVER",49.235038,-123.037803,2022,15,6,last_year,roundit-historical-v1
12db04c7-6fad-56c2-ac84-c368b43d6236,"E 41ST AVE & EARLES ST, VANCOUVER",49.232759,-123.048784,2022,18,12,last_year,roundit-historical-v1
1345588b-185a-5591-b2d4-542c5cf314ef,"E 44TH AVE & MAIN ST, VANCOUVER",49.230296,-123.101476,2022,5,2,last_year,roundit-historical-v1
1356a585-fcfc-5272-8a3c-105f02d52658,"KINGSWAY & WESSEX ST, VANCOUVER",49.233191,-123.03407,2022,17,13,last_year,roundit-historical-v1
139f561e-68db-5537-8245-4e168c5f32b8,"W 44TH AVE & WEST BOULEVARD, VANCOUVER",49.23183,-123.155675,2022,3,3,last_year,roundit-historical-v1
13bf4f7f-747a-5482-81da-de24905f8a09,"E 48TH AVE & VICTORIA DR, VANCOUVER",49.226292,-123.065706,2022,8,9,last_year,roundit-historical-v1
13eb09b9-7ee4-5996-a970-26eefa41d988,"W 33RD AVE & WILLOW ST, VANCOUVER",49.241281,-123.123629,2022,5,7,last_year,roundit-historical-v1
13f45da6-af19-575e-b3de-616246475116,"LARCH ST & W 10TH AVE, VANCOUVER",49.263018,-123.162487,2022,1,2,last_year,roundit-historical-v1
14197228-c1c0-5156-82ac-5d331df7b159,"E 22ND AVE & KNIGHT ST, VANCOUVER",49.250432,-123.076006,2022,3,2,last_year,roundit-historical-v1
141cb559-3ee8-5429-b1be-83f95c88a580,"HEATHER ST & W 8TH AVE, VANCOUVER",49.264216,-123.119826,2022,13,20,last_year,roundit-historical-v1
1441b9bd-067c-5076-b9c1-83727e074fea,"E 50TH AVE & VICTORIA DR, VANCOUVER",49.224161,-123.065806,2022,6,2,last_year,roundit-historical-v1
14439660-8931-5463-91d9-b7f7470b9df5,"DENMAN ST & ROBSON ST, VANCOUVER",49.291479,-123.135476,2022,31,39,last_year,roundit-historical-v1
1446e9e7-8286-5650-9f37-6d4ba49f2b8d,"HUDSON ST & SW MARINE DR, VANCOUVER",49.203121,-123.134514,2022,9,6,last_year,roundit-historical-v1
144f2d67-f69e-58c9-8f76-a2b63b0dd5e1,"BUTE ST & NELSON ST, VANCOUVER",49.283888,-123.130197,2022,11,7,last_year,roundit-historical-v1
146a2e13-4083-5e33-9942-e31edacce10d,"GRANVILLE ST & W 57TH AVE, VANCOUVER",49.219331,-123.140129,2022,53,54,last_year,roundit-historical-v1
14735950-e8af-5dd3-88eb-1796d3adf98b,"KINGSWAY & PRINCE EDWARD ST, VANCOUVER",49.259613,-123.096316,2022,3,5,last_year,roundit-historical-v1
14828d3e-e334-544e-9e3e-6c96fdcecd05,"E 57TH AVE & PRINCE ALBERT ST, VANCOUVER",49.218235,-123.087804,2022,4,1,last_year,roundit-historical-v1
148f8c09-99cf-53f7-a63e-1f2a7a5f1a86,"CULLODEN ST & E 35TH AVE, VANCOUVER",49.238563,-123.079066,2022,1,5,last_year,roundit-historical-v1
149cace1-81fc-5200-b519-6ae38b435157,"INVERNESS ST & KINGSWAY, VANCOUVER",49.252062,-123.079895,2022,5,14,last_year,roundit-historical-v1
14a26b86-719f-5cf6-a940-8d78c4e42c45,"BARCLAY ST & CHILCO ST, VANCOUVER",49.291976,-123.140504,2022,1,3,last_year,roundit-historical-v1
14ab280f-fb06-5df7-afca-390f6fbe6d68,"HOMER ST & PACIFIC BLVD, VANCOUVER",49.273108,-123.125875,2022,6,10,last_year,roundit-historical-v1
14cbee71-28cb-52dc-958b-835abf763d70,"E 7TH AVE & RUPERT ST, VANCOUVER",49.263816,-123.033756,2022,3,4,last_year,roundit-historical-v1
14d4aced-73f9-5833-88f4-48a4e7b40d3a,"BRUNSWICK ST & E 2ND AVE, VANCOUVER",49.266741,-123.096256,2022,5,15,last_year,roundit-historical-v1
14eaaa99-3958-5beb-b97f-1cac949762b8,"QUESNEL DR & W KING EDWARD AVE, VANCOUVER",49.250013,-123.172142,2022,9,2,last_year,roundit-historical-v1
14eaddf7-d67d-5169-8dba-8267dc594bf5,"E 30TH AVE & KNIGHT ST, VANCOUVER",49.243683,-123.076338,2022,2,1,last_year,roundit-historical-v1
14eb3811-5de8-517b-ac71-18333736334c,"SW MARINE DR & W 64TH AVE, VANCOUVER",49.212612,-123.151888,2022,2,4,last_year,roundit-historical-v1
14ed877f-2965-5727-b95a-f9e248ed44c6,"CROMPTON ST & E KENT AVE N, VANCOUVER",49.20906,-123.080791,2022,4,1,last_year,roundit-historical-v1
153ac3e0-ac74-5151-90ba-a097d2838d79,"E 1ST AVE & RENFREW ST, VANCOUVER",49.269475,-123.044219,2022,88,88,last_year,roundit-historical-v1
1545a364-e92b-5380-8898-cee184871459,"GLADSTONE ST & KINGSWAY, VANCOUVER",49.243562,-123.06181,2022,38,40,last_year,roundit-historical-v1
15d3f1c1-6997-5386-936a-754b714cd014,"COTTRELL ST & TERMINAL AVE, VANCOUVER",49.269861,-123.083872,2022,5,6,last_year,roundit-historical-v1
1614cb16-d796-5561-b59f-0d42e8c0597f,"FIR ST & W 3RD AVE, VANCOUVER",49.26882,-123.140806,2022,6,5,last_year,roundit-historical-v1
163d628c-2346-5968-9cd5-b1e5953388f5,"BUTE ST & MELVILLE ST, VANCOUVER",49.287855,-123.124192,2022,7,11,last_year,roundit-historical-v1
16634823-1ced-59c0-9592-804407fbf359,"SHAUGHNESSY ST & SW MARINE DR, VANCOUVER",49.205158,-123.128965,2022,2,10,last_year,roundit-historical-v1
1663f5a6-c1a6-56ec-b393-71a379f79d09,"E 48TH AVE & MAIN ST, VANCOUVER",49.226658,-123.101565,2022,12,13,last_year,roundit-historical-v1
16815dde-ae9f-5439-9e9e-2e3178ff8556,"E KING EDWARD AVE & PRINCE EDWARD ST, VANCOUVER",49.248717,-123.096771,2022,3,5,last_year,roundit-historical-v1
16ba3a22-d866-5f39-827c-a4075bce8fb9,"BLENHEIM ST & W 16TH AVE, VANCOUVER",49.257817,-123.178092,2022,25,18,last_year,roundit-historical-v1
16bf1f71-b16a-5835-b487-a9eb52ad45ed,"OAK ST & W 64TH AVE, VANCOUVER",49.212983,-123.130098,2022,28,46,last_year,roundit-historical-v1
172c713f-bfab-5e13-90c3-4da53f05fbf7,"MACKENZIE ST & W 16TH AVE, VANCOUVER",49.2577,-123.170425,2022,4,3,last_year,roundit-historical-v1
1767e9d7-c717-54c9-94ac-0673be25b5fc,"CLARK DR & E 2ND AVE, VANCOUVER",49.268754,-123.077385,2022,13,23,last_year,roundit-historical-v1
176b5fe2-f47c-5feb-9f6a-23afb664c6f0,"COMOX ST & THURLOW ST, VANCOUVER",49.281793,-123.129097,2022,7,6,last_year,roundit-historical-v1
1850c10f-3401-5b4f-9288-9860359b5d38,"GRANDVIEW HWY & RUPERT ST, VANCOUVER",49.258127,-123.033793,2022,131,126,last_year,roundit-historical-v1
186db404-dab1-56b9-9bc4-2a895e29e53e,"E 53RD AVE & VICTORIA DR, VANCOUVER",49.221778,-123.065854,2022,10,10,last_year,roundit-historical-v1
1889744b-21a1-5453-99ba-af087785ff60,"GRANVILLE ST & ROBSON ST, VANCOUVER",49.281368,-123.119815,2022,13,12,last_year,roundit-historical-v1
18a820c6-5f91-5bcb-829f-2cc7722efc22,"LAUREL ST & W 7TH AVE, VANCOUVER",49.265119,-123.124107,2022,16,5,last_year,roundit-historical-v1
18c4adbc-5b16-5010-ac9e-2105f5ed667c,"CARTWRIGHT ST & OLD BRIDGE ST, VANCOUVER",49.270109,-123.135158,2022,1,2,last_year,roundit-historical-v1
18d65bca-eb08-5dad-97e0-ad788dcc041c,"OSLER ST & W 71ST AVE, VANCOUVER",49.206931,-123.131689,2022,3,1,last_year,roundit-historical-v1
18e1a9d8-5d19-5d79-90e8-e9287d267dd8,"SEYMOUR ST & W GEORGIA ST, VANCOUVER",49.281825,-123.117138,2022,23,33,last_year,roundit-historical-v1
18e5b554-9e7b-5be9-920d-2fb20e935777,"HUDSON ST & W 38TH AVE, VANCOUVER",49.236956,-123.134728,2022,2,3,last_year,roundit-historical-v1
19359ae9-9e4a-54ed-bc2c-5469882b892a,"PIPELINE RD & ROSE GARDEN LANE, VANCOUVER",49.301158,-123.135753,2022,3,2,last_year,roundit-historical-v1
19730d7c-fd33-5d3e-bc8f-57d3c3738992,"KEEFER ST & MAIN ST, VANCOUVER",49.279482,-123.099737,2022,26,20,last_year,roundit-historical-v1
197e3402-4456-517b-9913-a3ea3592fdf1,"E 49TH AVE & FREDERICK ST, VANCOUVER",49.225479,-123.091985,2022,3,4,last_year,roundit-historical-v1
19d0d6d1-d467-526a-a6c3-29ae5b4e7d37,"BURRARD ST & W 3RD AVE, VANCOUVER",49.2689,-123.145594,2022,12,6,last_year,roundit-historical-v1
1a92f2b8-8bdd-574c-9d16-075e4ea74d0e,"ARBUTUS ST & W 12TH AVE, VANCOUVER",49.261003,-123.15306,2022,21,38,last_year,roundit-historical-v1
1ab58cf0-06bf-5aa7-a9db-fc6c6e083438,"E BROADWAY & KASLO ST, VANCOUVER",49.262002,-123.04704,2022,7,13,last_year,roundit-historical-v1
1abce9d9-870d-5fba-8b81-7f09d8a468bf,"GRANVILLE ST & W 6TH AVE, VANCOUVER",49.266182,-123.138468,2022,11,24,last_year,roundit-historical-v1
1acf7dea-d986-54d3-9bd8-4650d8c2191e,"E HASTINGS ST & KAMLOOPS ST, VANCOUVER",49.281166,-123.054581,2022,28,14,last_year,roundit-historical-v1
1ade9163-ae29-50f4-9770-2d0f15462342,"CLARK DR & E 11TH AVE, VANCOUVER",49.260518,-123.077534,2022,4,5,last_year,roundit-historical-v1
1afdc696-c910-57b2-8dbc-9e9a65d89f54,"GRANVILLE ST & W BROADWAY, VANCOUVER",49.263589,-123.138562,2022,45,31,last_year,roundit-historical-v1
1afeea4d-c82c-5173-8df4-031a112f39ef,"HAWKS AVE & UNION ST, VANCOUVER",49.277436,-123.087298,2022,2,3,last_year,roundit-historical-v1
1b0877bf-2ccb-55d2-812b-c049fb2e81c6,"E 61ST AVE & INVERNESS ST, VANCOUVER",49.214663,-123.080164,2022,2,1,last_year,roundit-historical-v1
1b41622f-865a-5e26-9da4-eedb804a3ba7,"COMMERCIAL ST & E 39TH AVE, VANCOUVER",49.234611,-123.068652,2022,1,1,last_year,roundit-historical-v1
1b8db1d7-a8f0-5509-8562-5d21eed20e35,"ARBUTUS ST & YORK AVE, VANCOUVER",49.271649,-123.152636,2022,2,3,last_year,roundit-historical-v1
1bf2ca1f-9915-5249-acd0-94abe633f837,"DUNBAR ST & W 18TH AVE, VANCOUVER",49.256476,-123.185128,2022,10,4,last_year,roundit-historical-v1
1c0ab1c6-6b57-5c50-b762-1d71cbf9064d,"HORNBY ST & W GEORGIA ST, VANCOUVER",49.283756,-123.120092,2022,17,35,last_year,roundit-historical-v1
1c1ed678-3050-50ec-b1e4-23a8d1cf9818,"COMMERCIAL DR & E 13TH AVE, VANCOUVER",49.258687,-123.069859,2022,3,3,last_year,roundit-historical-v1
1c207912-95f5-5508-9e3b-83def1bb20f4,"GRANVILLE ST & W 71ST AVE, VANCOUVER",49.207069,-123.140585,2022,31,34,last_year,roundit-historical-v1
1c370756-60aa-52a4-b123-39b2df2ebae7,"E 1ST AVE & MAIN ST, VANCOUVER",49.270128,-123.100736,2022,26,8,last_year,roundit-historical-v1
1c3c8560-8560-5b06-ab84-1ad0e4c03ac8,"THURLOW ST & W HASTINGS ST, VANCOUVER",49.28795,-123.119733,2022,3,8,last_year,roundit-historical-v1
1c4c982f-a6d9-5619-812d-dd530dd117b9,"E 54TH AVE & NANAIMO ST, VANCOUVER",49.220203,-123.059361,2022,3,4,last_year,roundit-historical-v1
1c8affa0-9f8f-5a95-9a0f-665064f5a384,"CREEKSIDE DR & W 1ST AVE, VANCOUVER",49.271378,-123.140233,2022,1,1,last_year,roundit-historical-v1
1cda333f-1b4d-5237-872f-7b2142aef2b3,"BOUNDARY RD ONRAMP & HWY 1, VANCOUVER",49.261007,-123.023626,2022,20,17,last_year,roundit-historical-v1
1ce234cf-a194-56bb-83ba-c5f277a9df00,"E 47TH AVE & MAIN ST, VANCOUVER",49.227577,-123.101519,2022,6,7,last_year,roundit-historical-v1
1cfb2d44-5fe8-5f87-864f-df84c975b87b,"DUNBAR ST & W 31ST AVE, VANCOUVER",49.244271,-123.185244,2022,5,7,last_year,roundit-historical-v1
1d1abe60-2595-5aa5-b251-760838929f9f,"COMMODORE RD & MOBERLY RD, VANCOUVER",49.266965,-123.11792,2022,1,2,last_year,roundit-historical-v1
1d377f94-c13c-56f9-b91f-5853a93c2ec8,"E 13TH AVE & SOPHIA ST, VANCOUVER",49.259277,-123.09834,2022,3,2,last_year,roundit-historical-v1
1d93ef13-425f-539b-9a35-cb995354c900,"E 57TH AVE & KNIGHT ST, VANCOUVER",49.218132,-123.077053,2022,79,89,last_year,roundit-historical-v1
1dac6a9f-5a1e-5f5f-bedd-5512b3d9ad0e,"ALBERNI ST & NICOLA ST, VANCOUVER",49.289362,-123.130033,2022,3,2,last_year,roundit-historical-v1
1dc54c0b-0a4a-5849-8f97-bce629b43415,"EVELEIGH ST & THURLOW ST, VANCOUVER",49.287208,-123.120861,2022,2,1,last_year,roundit-historical-v1
1de2cfba-5041-591b-b2ca-720dc18bc2ac,"ONTARIO ST & W 8TH AVE, VANCOUVER",49.263766,-123.104855,2022,1,1,last_year,roundit-historical-v1
1e1b4772-3902-588b-98f4-45c697dbe4a3,"ALEXANDER ST & PRINCESS AVE, VANCOUVER",49.283944,-123.091363,2022,1,3,last_year,roundit-historical-v1
1e27b7fc-ef69-5497-9d7e-e352f0f429d1,"E KENT AVE N & MAIN ST, VANCOUVER",49.207235,-123.102418,2022,6,8,last_year,roundit-historical-v1
1e2ef0b8-a1f1-59b3-84af-bfa320a8573c,"DUNBAR ST & W 20TH AVE, VANCOUVER",49.254683,-123.185141,2022,3,2,last_year,roundit-historical-v1
1e428d8b-d6e5-5d75-bc5a-a740bf3cc5e0,"OAK ST & W 55TH AVE, VANCOUVER",49.220507,-123.128528,2022,4,5,last_year,roundit-historical-v1
1e7f18ef-3312-5daf-96e5-0b267e1ddc42,"E BROADWAY & RENFREW ST, VANCOUVER",49.261948,-123.044314,2022,47,60,last_year,roundit-historical-v1
1e8620fe-e75a-573e-8daa-ec4b1e04923d,"BIRCH ST & W BROADWAY, VANCOUVER",49.263519,-123.13372,2022,11,10,last_year,roundit-historical-v1
1f0bdf93-68d0-57e9-9561-cc470bb82538,"ANDERSON ST & LAMEYS MILL RD, VANCOUVER",49.26933,-123.137797,2022,2,4,last_year,roundit-historical-v1
1f49a867-b72f-55b1-b3ee-8f6334972ecd,"COLUMBIA ST & E HASTINGS ST, VANCOUVER",49.281401,-123.102263,2022,8,16,last_year,roundit-historical-v1
1f592991-d99d-54e3-93da-d1509d31f3bc,"W 4TH AVE & W 6TH AVE, VANCOUVER",49.266184,-123.133618,2022,1,1,last_year,roundit-historical-v1
1fc697b3-6dfd-5245-af2d-669da5f6c438,"COMMERCIAL DR & E 7TH AVE, VANCOUVER",49.264168,-123.069758,2022,1,7,last_year,roundit-historical-v1
1fefd871-b580-594f-8b8f-3b0b612377dd,"BOUNDARY RD & WELLINGTON AVE, VANCOUVER",49.23776,-123.023496,2022,2,5,last_year,roundit-historical-v1
202867ba-6ece-5da3-a3ab-d442ece5853a,"E 1ST AVE & LILLOOET ST, VANCOUVER",49.269367,-123.038945,2022,7,17,last_year,roundit-historical-v1
204bad1e-a5c8-53f8-8b9a-fb2ebf8dedf1,"E 47TH AVE & KNIGHT ST, VANCOUVER",49.227653,-123.077238,2022,9,19,last_year,roundit-historical-v1
212262c2-ff39-557b-84aa-ac854a76a8d8,"E 24TH AVE & NANAIMO ST, VANCOUVER",49.248811,-123.056632,2022,4,10,last_year,roundit-historical-v1
21279ffa-7700-5104-92ce-6873e276b616,"ALMA ST & W 4TH AVE, VANCOUVER",49.268607,-123.185686,2022,45,54,last_year,roundit-historical-v1
21662b9c-1522-5a29-8d7d-7fd421afdc20,"GRANVILLE ST & W GEORGIA ST, VANCOUVER",49.282477,-123.118135,2022,17,19,last_year,roundit-historical-v1
217001f0-e8d0-5e95-9af3-43ae338dced8,"COMMERCIAL DR & E 16TH AVE, VANCOUVER",49.256364,-123.069821,2022,5,1,last_year,roundit-historical-v1
218534f6-1723-59e3-bada-2d24e928426f,"LAUREL ST & W 70TH AVE, VANCOUVER",49.208411,-123.126154,2022,4,6,last_year,roundit-historical-v1
21ad8953-58d2-53fd-8631-b9f90af2de06,"E 8TH AVE & NANAIMO ST, VANCOUVER",49.263065,-123.056571,2022,4,6,last_year,roundit-historical-v1
21b53fdf-5c38-5258-8fef-6c8d5d24637c,"FIR ST & W 11TH AVE, VANCOUVER",49.261738,-123.141104,2022,3,10,last_year,roundit-historical-v1
21ba9b8a-3391-595d-a50c-f2c5cda915f6,"E 12TH AVE & SEMLIN DR, VANCOUVER",49.259526,-123.064037,2022,6,3,last_year,roundit-historical-v1
21f71827-964d-52a2-9c3a-3e31a42630ec,"COMMERCIAL DR & E 12TH AVE, VANCOUVER",49.259588,-123.069846,2022,39,34,last_year,roundit-historical-v1
224eeefd-0ea5-53b1-8827-ea30dcab332e,"W 7TH AVE & YUKON ST, VANCOUVER",49.264811,-123.112854,2022,9,8,last_year,roundit-historical-v1
2304a13c-1cac-548d-a1e2-abe80907a91f,"W 16TH AVE & WOLFE AVE, VANCOUVER",49.257106,-123.131803,2022,24,22,last_year,roundit-historical-v1
231267e2-16d0-5fca-8f87-c7201151da56,"E 4TH AVE & QUEBEC ST, VANCOUVER",49.267344,-123.102788,2022,2,2,last_year,roundit-historical-v1
234f656e-8fcf-5280-826a-e800c3e7c695,"GRANVILLE ST & W 45TH AVE, VANCOUVER",49.230631,-123.139663,2022,11,9,last_year,roundit-historical-v1
2414e449-96c0-5bd7-90ff-75b86b4f2dfd,"MANITOBA ST & W 7TH AVE, VANCOUVER",49.2647,-123.106786,2022,5,15,last_year,roundit-historical-v1
241ec23a-e515-5a6e-8c2b-e8db6715b1e9,"MAIN ST & WATERFRONT RD, VANCOUVER",49.284855,-123.099176,2022,7,4,last_year,roundit-historical-v1
246a365a-4fc6-5e13-9a79-7a06b442eebd,"BURRARD ST & W CORDOVA ST, VANCOUVER",49.287664,-123.116194,2022,12,20,last_year,roundit-historical-v1
24720557-c8b2-555e-be2c-9bcad959ce84,"E KING EDWARD AVE & WINDSOR ST, VANCOUVER",49.248578,-123.083892,2022,1,4,last_year,roundit-historical-v1
24abb3f8-21bf-5735-9047-4f5f3445253a,"COLUMBIA ST & W 12TH AVE, VANCOUVER",49.260337,-123.109558,2022,10,7,last_year,roundit-historical-v1
24c3d5f6-c09c-5b2e-bfb7-907a4bc93eed,"FIR ST & W 4TH AVE, VANCOUVER",49.267924,-123.140873,2022,20,21,last_year,roundit-historical-v1
24f0aa2f-af20-5464-b5cc-4b3ab90faf18,"OAK ST & W 19TH AVE, VANCOUVER",49.254412,-123.12733,2022,11,13,last_year,roundit-historical-v1
24f0ef6c-619e-5912-a21e-05de1cfc273f,"CREELMAN AVE & MAPLE ST, VANCOUVER",49.274492,-123.150128,2022,2,1,last_year,roundit-historical-v1
25328183-00dc-50ab-9693-26ebd8a5b63b,"MACDONALD ST & W 8TH AVE, VANCOUVER",49.264979,-123.168404,2022,4,7,last_year,roundit-historical-v1
254d2fde-d454-5761-8c54-41dd9c338cff,"SASAMAT ST & W 10TH AVE, VANCOUVER",49.263835,-123.20912,2022,25,17,last_year,roundit-historical-v1
257e66f3-fdd2-5e3e-b1a9-5684f606eaef,"ALBERTA ST & W 8TH AVE, VANCOUVER",49.263875,-123.11092,2022,4,4,last_year,roundit-historical-v1
258e8b1b-29d4-556b-b1ab-03fbcf59847b,"NATIONAL AVE & QUEBEC ST, VANCOUVER",49.274948,-123.101941,2022,13,14,last_year,roundit-historical-v1
258ef647-6820-534e-81dd-fc7edd645012,"GLEN DR & GREAT NORTHERN WAY, VANCOUVER",49.26524,-123.081306,2022,5,6,last_year,roundit-historical-v1
2591c7dc-b28a-5e60-bfba-827f3fc5b8d7,"CAMBRIDGE ST & N NANAIMO ST, VANCOUVER",49.286665,-123.056527,2022,3,9,last_year,roundit-historical-v1
25b2c1e2-bbb8-5225-90a1-e9acca87038d,"HWY 99A & KNIGHT ST, VANCOUVER",49.250151,-123.07606,2022,3,1,last_year,roundit-historical-v1
25dbb0c5-90e7-5b60-9319-12528fcb708c,"LAUREL ST & W 10TH AVE, VANCOUVER",49.262414,-123.125355,2022,8,12,last_year,roundit-historical-v1
25dc3ead-6ea5-50db-975c-f89095aad209,"CULLODEN ST & E 57TH AVE, VANCOUVER",49.218138,-123.078567,2022,4,3,last_year,roundit-historical-v1
25de7706-5f1f-54f3-b268-42a9697d0feb,"CAMBIE ST & W 2ND AVE, VANCOUVER",49.266721,-123.11478,2022,22,15,last_year,roundit-historical-v1
25f2431c-c390-5c9e-9808-e6e72654777d,"E 2ND AVE & RUPERT ST, VANCOUVER",49.268466,-123.033697,2022,4,5,last_year,roundit-historical-v1
261bb6aa-9d3f-5a49-b929-602e15ed7abf,"BARCLAY ST & BROUGHTON ST, VANCOUVER",49.286512,-123.132058,2022,4,3,last_year,roundit-historical-v1
26261f94-f5e4-5da4-a526-c9b2430b10b6,"HEATHER ST & SW MARINE DR, VANCOUVER",49.207116,-123.124352,2022,16,24,last_year,roundit-historical-v1
264beabe-a33a-501c-bb6d-30f681e7eb0c,"W 14TH AVE & WILLOW ST, VANCOUVER",49.258632,-123.12202,2022,1,3,last_year,roundit-historical-v1
26652a39-fadc-59fd-b6dd-6b51cddd0a28,"E 7TH AVE & QUEBEC ST, VANCOUVER",49.264635,-123.102895,2022,5,7,last_year,roundit-historical-v1
267d2b46-03ba-547f-8579-b9972a34cff7,"E 4TH AVE & NANAIMO ST, VANCOUVER",49.266728,-123.056588,2022,1,3,last_year,roundit-historical-v1
269f79a4-1499-5299-bb61-5cdf45275a59,"GRANVILLE ST & W 65TH AVE, VANCOUVER",49.212256,-123.140401,2022,8,17,last_year,roundit-historical-v1
26f2752b-a959-5538-bb3d-a81218b3c3a4,"HEMLOCK ST & W 12TH AVE, VANCOUVER",49.260754,-123.136209,2022,15,14,last_year,roundit-historical-v1
27125793-21f4-572b-b516-6f752177eb84,"MATHESON CRES & SE MARINE DR, VANCOUVER",49.208093,-123.030897,2022,8,5,last_year,roundit-historical-v1
272f4d9a-f046-5335-8543-45ea00a5c506,"CONNAUGHT DR & OAK ST, VANCOUVER",49.243577,-123.127684,2022,4,5,last_year,roundit-historical-v1
273ed9e7-fe00-5d30-bfc5-6f8733345ddf,"GRANDVIEW HWY & LILLOOET ST, VANCOUVER",49.258114,-123.039073,2022,2,7,last_year,roundit-historical-v1
276115f0-8b88-5609-a121-166df63d7482,"OAK ST & W 16TH AVE, VANCOUVER",49.257116,-123.12721,2022,35,26,last_year,roundit-historical-v1
27676cdf-2c42-5e59-a7c8-845c5cf200df,"CHURCHILL ST & W 41ST AVE, VANCOUVER",49.234359,-123.141428,2022,1,1,last_year,roundit-historical-v1
27797193-9c0e-5d5e-b438-d4bd07b222d3,"ADERA ST & W 49TH AVE, VANCOUVER",49.227012,-123.143582,2022,1,2,last_year,roundit-historical-v1
2790d06b-b021-517d-a839-8fdb1be3a1ac,"CLARK DR & POWELL ST, VANCOUVER",49.283064,-123.077105,2022,26,20,last_year,roundit-historical-v1
27ad3d8e-a1c6-5b4a-b1c0-9bda1bf941f9,"GRANVILLE ST & W 32ND AVE, VANCOUVER",49.24368,-123.139206,2022,12,13,last_year,roundit-historical-v1
27b7f651-2d1a-524f-8666-29a0a6fdd218,"E 29TH AVE & RUPERT ST, VANCOUVER",49.244512,-123.034091,2022,18,30,last_year,roundit-historical-v1
27fcabf1-c672-5949-a699-fd0f444fde3b,"CASSIAR ST & E 1ST AVE, VANCOUVER",49.269366,-123.03099,2022,5,3,last_year,roundit-historical-v1
28099fe0-f507-5166-bde9-a8c58c65b0d5,"ARBUTUS ST & W 11TH AVE, VANCOUVER",49.261943,-123.153001,2022,7,6,last_year,roundit-historical-v1
28592a74-b917-5635-bf01-fe3f8672a542,"E BROADWAY & VICTORIA DR, VANCOUVER",49.262294,-123.065915,2022,19,29,last_year,roundit-historical-v1
287f0801-fdf1-54df-875b-db6b4b917f17,"ALBERNI ST & BIDWELL ST, VANCOUVER",49.291162,-123.132808,2022,4,4,last_year,roundit-historical-v1
28ad5c8d-9149-5db1-904e-93a18b18f713,"CYPRESS ST & W 3RD AVE, VANCOUVER",49.268954,-123.147945,2022,3,2,last_year,roundit-historical-v1
28db9f3e-1ca7-5423-9dc6-a8fd9ed03248,"CHARLES ST & CLARK DR, VANCOUVER",49.27313,-123.077315,2022,6,7,last_year,roundit-historical-v1
28e04a12-fd1f-5cad-a9ec-856a6afdc720,"E 34TH AVE & KINGSWAY, VANCOUVER",49.238939,-123.051926,2022,5,6,last_year,roundit-historical-v1
28f773d6-760c-5328-a767-17cf4e1e5e93,"CLARENDON ST & E 33RD AVE, VANCOUVER",49.239772,-123.055455,2022,7,13,last_year,roundit-historical-v1
29443a4a-83d2-5d26-b00b-b62e48dac2bd,"E 27TH AVE & MAIN ST, VANCOUVER",49.247228,-123.10115,2022,10,16,last_year,roundit-historical-v1
29e33a6b-f499-547d-aea7-bd183f912199,"E 12TH AVE & FRASER ST, VANCOUVER",49.259735,-123.089186,2022,20,37,last_year,roundit-historical-v1
29fbd004-0269-562e-a4fc-2e13cca45547,"BALACLAVA ST & W 10TH AVE, VANCOUVER",49.263301,-123.174022,2022,5,11,last_year,roundit-historical-v1
2a23b20b-f0b5-5bf8-9cc7-e8fb647ba877,"GRANVILLE ST & W 5TH AVE, VANCOUVER",49.266772,-123.138455,2022,2,3,last_year,roundit-historical-v1
2a4775e8-fc39-537e-a62d-4df9ff4b2756,"ARGYLE ST & E 62ND AVE, VANCOUVER",49.213736,-123.07203,2022,1,9,last_year,roundit-historical-v1
2a9506c2-65cf-56c8-a91f-df8c4bea7a2f,"ABBOTT ST & KEEFER PL, VANCOUVER",49.27971,-123.107629,2022,16,10,last_year,roundit-historical-v1
2aae586e-ce65-5965-8fd3-94a62c812799,"RENFREW ST & TURNER ST, VANCOUVER",49.2791,-123.044089,2022,4,1,last_year,roundit-historical-v1
2ab34cdf-068f-5c46-8107-ac1856c8170b,"E 6TH AVE & NANAIMO ST, VANCOUVER",49.264887,-123.056586,2022,4,5,last_year,roundit-historical-v1
2ad220bc-910b-5a89-9f6d-dcbeccdbdd18,"GRANVILLE ST & W 43RD AVE, VANCOUVER",49.232466,-123.139592,2022,10,7,last_year,roundit-historical-v1
2ae623fd-0ad3-548a-8768-0663db3fd1ac,"COMMERCIAL DR & E 5TH AVE, VANCOUVER",49.265887,-123.06972,2022,7,10,last_year,roundit-historical-v1
2aeb6ae6-3ebd-577c-8535-1bc5e2676787,"ALEXANDER ST & JACKSON AVE, VANCOUVER",49.283988,-123.093305,2022,3,1,last_year,roundit-historical-v1
2b1416ad-6b50-59aa-a37b-0027705319b7,"RUPERT ST & WELLINGTON AVE, VANCOUVER",49.242485,-123.036012,2022,6,10,last_year,roundit-historical-v1
2b29fe74-538b-5b40-96af-4159c2b28db2,"DUNDAS ST & NANAIMO ST, VANCOUVER",49.284779,-123.056525,2022,30,48,last_year,roundit-historical-v1
2b3a2178-a376-5454-a875-b4cb141b6bed,"E 41ST AVE & WALES ST, VANCOUVER",49.232773,-123.051656,2022,7,8,last_year,roundit-historical-v1
2b4604b6-94fe-5584-b9bd-99a4b60eda62,"HAMILTON ST & W HASTINGS ST, VANCOUVER",49.282772,-123.10996,2022,6,3,last_year,roundit-historical-v1
2b645beb-e457-5988-aeea-4e8b290dbf82,"MAPLE ST & W BROADWAY, VANCOUVER",49.263782,-123.150543,2022,10,8,last_year,roundit-historical-v1
2bb54b5e-315b-5996-981e-e884a24d5c80,"MACKENZIE ST & W 41ST AVE, VANCOUVER",49.234719,-123.170253,2022,13,11,last_year,roundit-historical-v1
2bd09d37-6d56-5a23-b144-965f9a4ced03,"ALEXANDER ST & MAIN ST, VANCOUVER",49.284104,-123.099491,2022,2,2,last_year,roundit-historical-v1
2bd88215-38c4-54c6-986a-7100439f7e37,"BEACH AVE & BROUGHTON ST, VANCOUVER",49.281576,-123.139518,2022,2,7,last_year,roundit-historical-v1
2c11d242-9f19-57f9-b6d8-5a7ec6fd6a46,"KNIGHT ST & SE MARINE DR, VANCOUVER",49.211023,-123.077041,2022,73,82,last_year,roundit-historical-v1
2c2d94d9-e012-5e01-a574-4832d67803d7,"ALBERTA ST & W 6TH AVE, VANCOUVER",49.26567,-123.110837,2022,1,4,last_year,roundit-historical-v1
2c43575c-cda2-52e7-bc72-e82133f35aa3,"CAMBIE ST & ROBSON ST, VANCOUVER",49.278209,-123.114962,2022,8,7,last_year,roundit-historical-v1
2c59cbd1-5c34-5a01-8dc1-b52fa159300b,"E 45TH AVE & MAIN ST, VANCOUVER",49.22938,-123.101512,2022,2,1,last_year,roundit-historical-v1
2c6f6090-7454-59c1-b115-9622815a14f5,"E 33RD AVE & SLOCAN ST, VANCOUVER",49.239791,-123.054406,2022,4,2,last_year,roundit-historical-v1
2cbef5ee-bd99-5bf1-a458-803390a58451,"E 2ND AVE & SCOTIA ST, VANCOUVER",49.267737,-123.098202,2022,3,10,last_year,roundit-historical-v1
2cc6941c-b489-5ae8-990a-caa027852b53,"E 29TH AVE & EARLES ST, VANCOUVER",49.244548,-123.042163,2022,2,3,last_year,roundit-historical-v1
2cd04aac-23ee-5270-841f-d41744397e14,"PACIFIC BLVD & SMITHE ST, VANCOUVER",49.274853,-123.112985,2022,14,23,last_year,roundit-historical-v1
2cee6c11-e352-51a6-ab66-6b934e4c4076,"E 57TH AVE & INVERNESS ST, VANCOUVER",49.218152,-123.080058,2022,3,5,last_year,roundit-historical-v1
2cfdd90a-9365-528c-80a9-07b89d7129d6,"CYPRESS ST & W 16TH AVE, VANCOUVER",49.257221,-123.148371,2022,3,5,last_year,roundit-historical-v1
2d6da2a3-1360-5718-859b-f8b3dd5cdd26,"E 15TH AVE & PRINCE EDWARD ST, VANCOUVER",49.257442,-123.096442,2022,6,4,last_year,roundit-historical-v1
2d95d2b9-a247-5e90-837b-92c47eb98c24,"GLEN DR & VENABLES ST, VANCOUVER",49.276816,-123.08138,2022,5,16,last_year,roundit-historical-v1
2db4ee90-ec44-5fd8-bed2-84688902973e,"E 33RD AVE & INVERNESS ST, VANCOUVER",49.240239,-123.080155,2022,2,3,last_year,roundit-historical-v1
2e3625e9-7312-541e-9cc3-2215dd212388,"MAPLE ST & W 42ND AVE, VANCOUVER",49.233547,-123.152076,2022,5,5,last_year,roundit-historical-v1
2e49a2a6-67a8-5c60-a96f-4ec4ddd3143c,"ALBERTA ST & W 2ND AVE, VANCOUVER",49.268643,-123.11072,2022,9,5,last_year,roundit-historical-v1
2e5b4628-b5cf-52b2-8925-71b70a5d12bf,"E 39TH AVE & KNIGHT ST, VANCOUVER",49.234792,-123.076994,2022,13,16,last_year,roundit-historical-v1
2e615b89-15aa-5d75-933e-b6e81adaae18,"DUNDAS ST & TEMPLETON DR, VANCOUVER",49.284805,-123.059708,2022,11,14,last_year,roundit-historical-v1
2e69277d-873f-5290-ace5-89b24caa446e,"BROCK ST & NANAIMO ST, VANCOUVER",49.243861,-123.056656,2022,3,6,last_year,roundit-historical-v1
2e8d1bfe-b145-517b-9bcf-d120c7f79ce7,"CULLODEN ST & E 41ST AVE, VANCOUVER",49.232755,-123.078413,2022,4,7,last_year,roundit-historical-v1
2eb233c4-fd1c-5de5-96d2-163ad8e9d4ff,"E BROADWAY & MCLEAN DR, VANCOUVER",49.262376,-123.075584,2022,5,5,last_year,roundit-historical-v1
2eb4bd3b-977b-5c24-87f4-e74b709e8654,"CAMBIE ST & NELSON ST, VANCOUVER",49.276078,-123.118097,2022,28,31,last_year,roundit-historical-v1
2ee5ec7c-52d3-56aa-b644-4d3f02d0f7d6,"E 10TH AVE & MAIN ST, VANCOUVER",49.26201,-123.100996,2022,16,13,last_year,roundit-historical-v1
2eef0ca9-ee6a-5c48-8501-ef60e3ba840a,"E 3RD AVE & QUEBEC ST, VANCOUVER",49.268241,-123.102752,2022,6,4,last_year,roundit-historical-v1
2f095384-6ab7-5435-8ddd-3f06378e0c5a,"CAMBIE ST & W 33RD AVE, VANCOUVER",49.241084,-123.118437,2022,28,27,last_year,roundit-historical-v1
2f79b8ed-538e-563e-a68a-cad6c9dc886c,"INDUSTRIAL AVE & MAIN ST, VANCOUVER",49.270507,-123.100591,2022,5,13,last_year,roundit-historical-v1
2f8ca7f4-bab6-5afa-bd9d-3e77c2200d5e,"E 16TH AVE & KNIGHT ST, VANCOUVER",49.25622,-123.07588,2022,4,2,last_year,roundit-historical-v1
2fa882d5-9993-5862-be54-8fa5cd6af429,"SW MARINE DR & W 41ST AVE, VANCOUVER",49.234777,-123.19622,2022,9,10,last_year,roundit-historical-v1
2faec899-81d7-54e7-b892-fd9563349d60,"E 49TH AVE & VIVIAN ST, VANCOUVER",49.224775,-123.050339,2022,6,6,last_year,roundit-historical-v1
2fe22b49-940c-5837-8611-a5e0c532de76,"STEPHENS ST & W 12TH AVE, VANCOUVER",49.261361,-123.166372,2022,1,4,last_year,roundit-historical-v1
2ff4f169-6cbd-5cec-a718-e79f7f18b7fc,"HAWKS AVE & PRIOR ST, VANCOUVER",49.276543,-123.087354,2022,5,10,last_year,roundit-historical-v1
30168448-b365-5475-8cc0-79beb2658752,"CORNWALL AVE & WALNUT ST, VANCOUVER",49.272494,-123.148977,2022,2,7,last_year,roundit-historical-v1
3037e471-56cd-53aa-a698-037254a88f3c,"CYPRESS ST & W 4TH AVE, VANCOUVER",49.268045,-123.147977,2022,13,24,last_year,roundit-historical-v1
30801517-e227-54a2-be33-b2ca131a922e,"MCGILL ST & N KAMLOOPS ST, VANCOUVER",49.288734,-123.054549,2022,1,6,last_year,roundit-historical-v1
30977bde-c70e-51b5-8f7c-7991598d69df,"E 59TH AVE & FRASER ST, VANCOUVER",49.21653,-123.090995,2022,6,5,last_year,roundit-historical-v1
30a80dfa-5475-57fa-88cf-bbb5ecfef653,"W 47TH AVE & YEW ST, VANCOUVER",49.229061,-123.158732,2022,4,3,last_year,roundit-historical-v1
30c2392e-ffb3-5360-80fe-4293653b94d7,"OSLER ST & PARK DR, VANCOUVER",49.214855,-123.131421,2022,3,3,last_year,roundit-historical-v1
30db92ab-d42f-5e50-ab23-72992a67181c,"HORNBY ST & PACIFIC ST, VANCOUVER",49.276281,-123.131378,2022,17,16,last_year,roundit-historical-v1
30e8186d-3868-58dd-8751-886e5d6cc4ca,"COLUMBIA ST & W 18TH AVE, VANCOUVER",49.25476,-123.109793,2022,1,2,last_year,roundit-historical-v1
30ea65c9-33af-5895-b663-bfbc75b5a0df,"MANITOBA ST & W 3RD AVE, VANCOUVER",49.268344,-123.106614,2022,6,4,last_year,roundit-historical-v1
30f5bf28-a75a-5e99-9b01-db57b45a4e03,"GRANVILLE ST & W 39TH AVE, VANCOUVER",49.236258,-123.139556,2022,3,3,last_year,roundit-historical-v1
30f97579-0c37-5f5d-80f0-9f888ebfd86c,"SPRUCE ST & W BROADWAY, VANCOUVER",49.263443,-123.129003,2022,9,3,last_year,roundit-historical-v1
3117cb32-ea77-56c8-82a1-2b2e8c47e823,"E 57TH AVE & PRINCE EDWARD ST, VANCOUVER",49.218392,-123.097731,2022,4,6,last_year,roundit-historical-v1
31292fa3-3f1e-57ba-8615-1d9c339f2c79,"CAMBIE ST & W 63RD AVE, VANCOUVER",49.213204,-123.117009,2022,9,13,last_year,roundit-historical-v1
31376578-fb72-5368-9e4b-a41a248657d6,"ARBUTUS ST & W KING EDWARD AVE, VANCOUVER",49.251529,-123.15308,2022,28,29,last_year,roundit-historical-v1
314d5917-98b5-5caf-a5ff-d5bd3d05ddef,"E 41ST AVE & VICTORIA DR, VANCOUVER",49.232747,-123.065518,2022,141,147,last_year,roundit-historical-v1
31575df1-8a00-58c0-9519-57b15dfe2f2f,"DRAKE ST & PACIFIC BLVD, VANCOUVER",49.273446,-123.123668,2022,15,7,last_year,roundit-historical-v1
3170f773-dfca-588e-b9e1-d498fe7a6112,"GRANVILLE ST & SW MARINE DR, VANCOUVER",49.205303,-123.140462,2022,36,47,last_year,roundit-historical-v1
3195df3d-4208-5b13-a848-3fb59f9f0912,"E 10TH AVE & KINGSWAY, VANCOUVER",49.261973,-123.098668,2022,14,23,last_year,roundit-historical-v1
319e5d4f-995f-5bb0-b6c7-993d63bfdb30,"E 35TH AVE & NANAIMO ST, VANCOUVER",49.238008,-123.058756,2022,1,1,last_year,roundit-historical-v1
31c01f70-279b-5cf7-beea-1d5bc27f5290,"BIDWELL ST & DAVIE ST, VANCOUVER",49.286241,-123.140236,2022,2,14,last_year,roundit-historical-v1
31db342d-9ba9-5478-98bc-17f5ac80120d,"TRUTCH ST & W BROADWAY, VANCOUVER",49.264203,-123.1759,2022,11,8,last_year,roundit-historical-v1
31ec684f-ea3d-5e91-849b-6906f9f843f7,"ALDER CROSSING & W 6TH AVE, VANCOUVER",49.266112,-123.1321,2022,5,3,last_year,roundit-historical-v1
31f5f934-8462-598e-b756-5a8b5fe7b44b,"DUNSMUIR ST & HOMER ST, VANCOUVER",49.281725,-123.113475,2022,5,11,last_year,roundit-historical-v1
32248f5b-2509-5d2b-af45-5c5c89b377ac,"E 28TH AVE & FRASER ST, VANCOUVER",49.245542,-123.09021,2022,9,9,last_year,roundit-historical-v1
3265a588-07e0-5259-96f7-ac3524325acc,"MARGUERITE ST & W 33RD AVE, VANCOUVER",49.241965,-123.144122,2022,1,3,last_year,roundit-historical-v1
32b8a3a9-ca8f-56ec-8ad3-dd02561e7ac6,"CAMBIE ST & W 21ST AVE, VANCOUVER",49.252092,-123.115273,2022,1,5,last_year,roundit-historical-v1
32e8060c-fe29-53f4-9b67-3826a1bf71d8,"E 17TH AVE & FRASER ST, VANCOUVER",49.255532,-123.089913,2022,12,11,last_year,roundit-historical-v1
3310716a-5103-52ed-8f29-33f7753e5487,"CAMBIE ST & W 16TH AVE, VANCOUVER",49.256913,-123.115053,2022,27,20,last_year,roundit-historical-v1
335646e5-d7b9-576e-b88f-396b83d23161,"DUNSMUIR ST & HOWE ST, VANCOUVER",49.284275,-123.117371,2022,21,28,last_year,roundit-historical-v1
336766f0-d084-5557-9717-8d2b71100c97,"BALSAM ST & W 4TH AVE, VANCOUVER",49.26825,-123.159845,2022,14,19,last_year,roundit-historical-v1
338d8f5b-bf7e-5a7a-95e6-2f5ac06de918,"MAPLE ST & W 4TH AVE, VANCOUVER",49.268081,-123.150389,2022,24,26,last_year,roundit-historical-v1
33cc08c8-a935-548a-b4cb-becdcceb5a74,"MALKIN AVE & PRIOR ST, VANCOUVER",49.276672,-123.093626,2022,3,4,last_year,roundit-historical-v1
33f7435c-6a66-558d-813d-b06f575051eb,"JERVIS ST & NELSON ST, VANCOUVER",49.284894,-123.131725,2022,7,2,last_year,roundit-historical-v1
33f8b869-a1a4-5a8f-baee-b61513d3375a,"DUNBAR ST & W 41ST AVE, VANCOUVER",49.234768,-123.185324,2022,31,28,last_year,roundit-historical-v1
340dadbf-aae5-57f1-a292-745d53c387d8,"BURNABY ST & BURRARD ST, VANCOUVER",49.278359,-123.130288,2022,8,6,last_year,roundit-historical-v1
34307d3d-7a77-5a13-9490-7831bc962571,"E 41ST AVE & INVERNESS ST, VANCOUVER",49.232729,-123.079807,2022,20,27,last_year,roundit-historical-v1
3448d2d5-ebd5-554c-b7f0-f9326257766c,"CAMPBELL AVE & KEEFER ST, VANCOUVER",49.279203,-123.08488,2022,2,5,last_year,roundit-historical-v1
344fa804-bcc0-529c-b080-e151141514c8,"BEACH AVE & GRANVILLE ST, VANCOUVER",49.274115,-123.130809,2022,2,1,last_year,roundit-historical-v1
34746bf4-13ef-5540-a2c9-911455bcf35c,"E 32ND AVE & VICTORIA DR, VANCOUVER",49.241522,-123.065303,2022,10,12,last_year,roundit-historical-v1
348ff6d4-dd7a-5b04-9452-5b9fb8f0028b,"NW MARINE DR & TOLMIE ST, VANCOUVER",49.274921,-123.211733,2022,10,10,last_year,roundit-historical-v1
34f46bac-55b2-5184-975b-1412ce645d1d,"MAIN ST & SE MARINE DR, VANCOUVER",49.211099,-123.102224,2022,68,75,last_year,roundit-historical-v1
34fb8c3d-eebd-518e-991e-8490ff67897e,"E 6TH AVE & VICTORIA DR, VANCOUVER",49.265048,-123.065851,2022,2,5,last_year,roundit-historical-v1
3514ed6f-abe9-5f74-b80d-e193fb703a68,"COLUMBIA ST & W 41ST AVE, VANCOUVER",49.233341,-123.110765,2022,3,7,last_year,roundit-historical-v1
3517e391-e54a-5aca-a70b-1caa561d30f3,"E 3RD AVE & ONTARIO ST, VANCOUVER",49.268301,-123.104686,2022,1,1,last_year,roundit-historical-v1
351f88f8-95d3-53c4-80bb-6731c979b785,"KINGSWAY & SPENCER ST, VANCOUVER",49.235789,-123.040751,2022,1,1,last_year,roundit-historical-v1
3546b2e4-9d80-5ecc-8bad-98f6dfd6bc45,"COLLINGWOOD ST & W 41ST AVE, VANCOUVER",49.234763,-123.182031,2022,5,12,last_year,roundit-historical-v1
35680dea-8d28-508f-8f7e-334d6aaad611,"E 18TH AVE & MAIN ST, VANCOUVER",49.254735,-123.100895,2022,16,20,last_year,roundit-historical-v1
357295ea-eb4c-5a4a-b00b-3de6acfec796,"MANITOBA ST & W KENT AVE N, VANCOUVER",49.206864,-123.110231,2022,2,2,last_year,roundit-historical-v1
3576111d-171d-57bc-8fe3-45fbca98160b,"TRIMBLE ST & W 4TH AVE, VANCOUVER",49.268904,-123.205903,2022,2,6,last_year,roundit-historical-v1
35adbc73-6563-566e-83b6-dc4f71fb2ebb,"JELLICOE ST & SE MARINE DR, VANCOUVER",49.207688,-123.047702,2022,12,26,last_year,roundit-historical-v1
35afb566-21c8-5425-a74f-5fd0dfc6d2cb,"DOMAN ST & E 45TH AVE, VANCOUVER",49.229264,-123.036435,2022,1,1,last_year,roundit-historical-v1
35c486c7-1bcd-53fc-98dd-f5d0051fb7a1,"CLARK DR & VENABLES ST, VANCOUVER",49.276759,-123.077265,2022,64,51,last_year,roundit-historical-v1
35da13ee-0c00-5295-8b23-a31397ee7ff2,"E 33RD AVE & KNIGHT ST, VANCOUVER",49.240211,-123.076367,2022,54,60,last_year,roundit-historical-v1
35e00fbc-772d-5e56-b2ea-2e824e7b5731,"OAK ST & W 8TH AVE, VANCOUVER",49.264327,-123.126585,2022,20,34,last_year,roundit-historical-v1
360d9c7c-a86c-58fe-be7d-a06fbafba8f6,"E 17TH AVE & MAIN ST, VANCOUVER",49.255683,-123.101268,2022,10,14,last_year,roundit-historical-v1
3610dd4f-56ab-5530-abbc-91b699ecce8a,"HORNBY ST & NELSON ST, VANCOUVER",49.280536,-123.124983,2022,18,28,last_year,roundit-historical-v1
3667e67a-25d0-52e5-93c9-5df50ae2efef,"E 29TH AVE & SLOCAN ST, VANCOUVER",49.24462,-123.049647,2022,4,13,last_year,roundit-historical-v1
3675cc22-6670-5d8c-a586-0cc9b3013bf7,"GRANVILLE ST & W 14TH AVE, VANCOUVER",49.258921,-123.138726,2022,27,22,last_year,roundit-historical-v1
370a2d2d-f8f7-5c20-8791-19546a8e846d,"GRANVILLE ST & W 36TH AVE, VANCOUVER",49.238985,-123.139392,2022,3,2,last_year,roundit-historical-v1
3718a891-30f1-5b73-ac87-19d16176f4fa,"MACDONALD ST & W KING EDWARD AVE, VANCOUVER",49.248127,-123.167857,2022,18,21,last_year,roundit-historical-v1
37295461-e40a-558e-a0eb-fc59e48e1268,"W BROADWAY & YUKON ST, VANCOUVER",49.263179,-123.112891,2022,17,7,last_year,roundit-historical-v1
373ba1d5-778c-5441-84ec-2407f48d8cca,"BURRARD ST & HELMCKEN ST, VANCOUVER",49.280115,-123.127624,2022,7,12,last_year,roundit-historical-v1
37420606-f8f6-5c77-9bd2-9768ea54494e,"CAROLINA ST & E 10TH AVE, VANCOUVER",49.261548,-123.091101,2022,1,1,last_year,roundit-historical-v1
37f5a619-d619-5110-b48b-df7922cbcf93,"OAK ST & W 29TH AVE, VANCOUVER",49.245404,-123.12765,2022,2,7,last_year,roundit-historical-v1
381e040e-cce3-58fe-9f49-31d401892bd7,"E 57TH AVE & SHERBROOKE ST, VANCOUVER",49.218165,-123.081595,2022,4,1,last_year,roundit-historical-v1
382ca6ee-3bca-5b71-a935-e7b18afda77a,"OAK ST & W 21ST AVE, VANCOUVER",49.252618,-123.127409,2022,1,2,last_year,roundit-historical-v1
38757daf-54d8-5015-bd58-ef5beb3271ef,"ASH ST & W 12TH AVE, VANCOUVER",49.260441,-123.117629,2022,29,37,last_year,roundit-historical-v1
38c2482e-f761-5d29-81a0-c9e10cd0a53f,"ARBOR AVE & BOUNDARY RD, VANCOUVER",49.217464,-123.023802,2022,3,2,last_year,roundit-historical-v1
38d8aa5e-3cf6-546c-8439-11ee5198dc2c,"COMMERCIAL ST & E 49TH AVE, VANCOUVER",49.225192,-123.069052,2022,7,7,last_year,roundit-historical-v1
38d960af-8729-5d35-9f56-35dc5ba75b4b,"OAK ST & W 47TH AVE, VANCOUVER",49.228404,-123.128257,2022,3,7,last_year,roundit-historical-v1
38ef0382-3377-575f-af67-83801795a5ca,"E BROADWAY & NANAIMO ST, VANCOUVER",49.262131,-123.056591,2022,62,71,last_year,roundit-historical-v1
39876f9c-350d-501b-b595-cc220ea40f0d,"SE MARINE DR & WINDSOR ST, VANCOUVER",49.211096,-123.085779,2022,5,3,last_year,roundit-historical-v1
398e3de1-2487-5b75-be56-de1f7b946db9,"ONTARIO ST & W 69TH AVE, VANCOUVER",49.209441,-123.106722,2022,3,2,last_year,roundit-historical-v1
39ae3741-0864-510f-9692-76aebc628998,"E 33RD AVE & FRASER ST, VANCOUVER",49.240302,-123.090377,2022,35,36,last_year,roundit-historical-v1
39b6c029-5873-5edf-8d4c-0748c1c5916c,"E BROADWAY & WOODLAND DR, VANCOUVER",49.262359,-123.073646,2022,19,10,last_year,roundit-historical-v1
3a1a3816-4ca9-5463-8f90-d8d15876eb9c,"E 34TH AVE & VICTORIA DR, VANCOUVER",49.239223,-123.06539,2022,16,20,last_year,roundit-historical-v1
3a672f46-0634-5e4d-ad6e-467e12d8339b,"E KENT AVE S & MAIN ST, VANCOUVER",49.206969,-123.102426,2022,1,3,last_year,roundit-historical-v1
3a84c902-e9b1-5aac-89ee-aa5fd0547bf6,"CYPRESS ST & W 6TH AVE, VANCOUVER",49.26634,-123.148044,2022,1,3,last_year,roundit-historical-v1
3ac850a6-498e-515b-9055-a9bf9e8a1e89,"E 22ND AVE & WORTHINGTON DR, VANCOUVER",49.250638,-123.026252,2022,3,3,last_year,roundit-historical-v1
3ace9fc5-8919-53f6-b847-96ef40999414,"ROBSON ST & THURLOW ST, VANCOUVER",49.284599,-123.124848,2022,37,32,last_year,roundit-historical-v1
3aec12f7-1fee-5563-b37a-952c853527e7,"HAROLD ST & KINGSWAY, VANCOUVER",49.233626,-123.03491,2022,8,10,last_year,roundit-historical-v1
3afb5034-d3e3-539e-845e-e6c17570cab6,"E 11TH AVE & NANAIMO ST, VANCOUVER",49.260227,-123.056622,2022,1,3,last_year,roundit-historical-v1
3afe9a1e-9f97-5278-941f-fca61591262b,"KINGSWAY & KNIGHT ST, VANCOUVER",49.250151,-123.07606,2022,88,104,last_year,roundit-historical-v1
3b10cccc-2fa7-5d49-b28b-2ed7f3f28bc5,"NICOLA ST & W PENDER ST, VANCOUVER",49.290039,-123.129019,2022,8,4,last_year,roundit-historical-v1
3b57d696-98d6-57cd-88c9-52247777cf6f,"QUEBEC ST & TERMINAL AVE, VANCOUVER",49.272985,-123.101732,2022,43,39,last_year,roundit-historical-v1
3b7cd1cf-6f59-517a-9d7a-b984d25cefdc,"COMMERCIAL DR & FRANCES ST, VANCOUVER",49.279379,-123.070451,2022,1,2,last_year,roundit-historical-v1
3b911364-e51b-5ead-82f8-eb3e10bc0139,"GORE AVE & UNION ST, VANCOUVER",49.277617,-123.096963,2022,5,7,last_year,roundit-historical-v1
3bba5bdc-38f2-5af7-a75e-61973c776224,"DAVIE ST & MAINLAND ST, VANCOUVER",49.274524,-123.122136,2022,7,9,last_year,roundit-historical-v1
3c319553-1533-53db-b363-630098533f3c,"CARRALL ST & KEEFER ST, VANCOUVER",49.279226,-123.104464,2022,2,3,last_year,roundit-historical-v1
3c457447-7001-52bf-ad0d-0aba96716ea4,"HWY 99 & SW MARINE DR, VANCOUVER",49.204796,-123.129863,2022,5,2,last_year,roundit-historical-v1
3c51e749-8532-5d39-824f-a923bd4ef1b0,"LAUREL ST & W KING EDWARD AVE, VANCOUVER",49.249187,-123.124704,2022,10,9,last_year,roundit-historical-v1
3c5de97f-0220-595f-bcc5-99dc33c76f9f,"COMOX ST & JERVIS ST, VANCOUVER",49.284212,-123.13283,2022,3,3,last_year,roundit-historical-v1
3c7054fd-0a83-5d93-9aee-010bd417be8e,"BAYSWATER ST & W BROADWAY, VANCOUVER",49.264126,-123.171241,2022,7,7,last_year,roundit-historical-v1
3c91626b-0463-50e4-8944-8dde8e9df799,"W 41ST AVE & WEST BOULEVARD, VANCOUVER",49.234583,-123.155541,2022,41,38,last_year,roundit-historical-v1
3ca85247-ca19-592c-b9db-a2bb6f92e2d3,"E HASTINGS ST & LAKEWOOD DR, VANCOUVER",49.281175,-123.061688,2022,25,14,last_year,roundit-historical-v1
3caec920-f12f-5cd7-9a5d-e380ae955fe3,"HEMLOCK ST & W 10TH AVE, VANCOUVER",49.262591,-123.136141,2022,5,12,last_year,roundit-historical-v1
3cf90d9d-98d2-5342-8ded-08ec77f700a8,"FIR ST & W 12TH AVE, VANCOUVER",49.260842,-123.14114,2022,21,27,last_year,roundit-historical-v1
3d894f37-3f54-5582-a1bb-3f1270dac821,"COOK ST & W 2ND AVE, VANCOUVER",49.269031,-123.109955,2022,2,2,last_year,roundit-historical-v1
3d9387b7-42ec-5004-b4c8-3f5c98e4316a,"CHESTER ST & E 49TH AVE, VANCOUVER",49.225434,-123.089402,2022,2,1,last_year,roundit-historical-v1
3dbec697-3cf5-5ed8-a055-6270e9702525,"E 1ST AVE & VICTORIA DR, VANCOUVER",49.26956,-123.065769,2022,35,36,last_year,roundit-historical-v1
3dd2d931-8b02-50b4-a68b-fa1f3ba6d345,"BURNABY ST & THURLOW ST, VANCOUVER",49.279657,-123.132241,2022,6,17,last_year,roundit-historical-v1
3dd93212-aaaa-5829-9803-0a17905e1968,"BEATRICE ST & E 41ST AVE, VANCOUVER",49.232537,-123.066915,2022,6,6,last_year,roundit-historical-v1
3df66d9e-ef3c-5a77-89eb-a5d3912f2f5b,"MACDONALD ST & W 41ST AVE, VANCOUVER",49.234729,-123.167394,2022,3,6,last_year,roundit-historical-v1
3dfc2e27-2507-55f0-a2fc-484374febb17,"DAVIE ST & SEYMOUR ST, VANCOUVER",49.276501,-123.125189,2022,28,27,last_year,roundit-historical-v1
3e4bfc1f-70ed-534a-9d49-659d79c69406,"CHURCH ST & JOYCE ST, VANCOUVER",49.234802,-123.035219,2022,4,4,last_year,roundit-historical-v1
3e624a49-40e3-5e49-8845-5eb65061082b,"E 8TH AVE & RENFREW ST, VANCOUVER",49.262933,-123.044329,2022,2,5,last_year,roundit-historical-v1
3e672765-38d8-5d1e-8923-99b81ab5a60d,"CAMBIE ST & W 54TH AVE, VANCOUVER",49.221716,-123.116685,2022,5,6,last_year,roundit-historical-v1
3e6b2984-9f2f-55a8-a363-1b2949103b23,"CAMBIE ST & EXPO BLVD, VANCOUVER",49.274779,-123.11612,2022,6,6,last_year,roundit-historical-v1
3e868b32-7015-5b4a-a46e-0d5a6aaba19d,"E 40TH AVE & MAIN ST, VANCOUVER",49.234532,-123.101582,2022,2,7,last_year,roundit-historical-v1
3ea1757c-1987-5613-83ca-999d28de633f,"MCGILL ST & N SLOCAN ST, VANCOUVER",49.288713,-123.049315,2022,3,5,last_year,roundit-historical-v1
3ecc458f-8072-5747-8af4-aef0cac2bcaa,"E CORDOVA ST & HAWKS AVE, VANCOUVER",49.282047,-123.087109,2022,2,5,last_year,roundit-historical-v1
3ecff881-8815-536e-b0bc-e92e650972f3,"GRANVILLE ST & W 12TH AVE, VANCOUVER",49.2608,-123.138697,2022,37,37,last_year,roundit-historical-v1
3ee3fa66-0843-52de-8dd6-23443c70bf4b,"COLUMBIA ST & E PENDER ST, VANCOUVER",49.280443,-123.102269,2022,6,7,last_year,roundit-historical-v1
3f1c6dc3-7ed8-5757-88ad-07b2d13f6be7,"E 2ND AVE & ONTARIO ST, VANCOUVER",49.269246,-123.104652,2022,2,7,last_year,roundit-historical-v1
3f411f76-0de6-5364-b9ce-a6d9fc226322,"BIRCH ST & W 7TH AVE, VANCOUVER",49.265268,-123.13366,2022,2,2,last_year,roundit-historical-v1
3f4a0edc-b6e1-588f-9d98-300e0c58032d,"ELLIOTT ST & SE MARINE DR, VANCOUVER",49.207107,-123.056819,2022,19,26,last_year,roundit-historical-v1
3f52c992-7746-58b9-a2ef-e44518b9f0d5,"VINE ST & W 43RD AVE, VANCOUVER",49.232787,-123.159996,2022,3,3,last_year,roundit-historical-v1
3fbd6e43-11d2-5179-b6a7-e243c042b2ae,"BLANCA ST & W 16TH AVE, VANCOUVER",49.258414,-123.215391,2022,8,11,last_year,roundit-historical-v1
3fbdb499-82cd-5d04-8e76-f114158d5d1a,"BIDWELL ST & W GEORGIA ST, VANCOUVER",49.291606,-123.132114,2022,11,10,last_year,roundit-historical-v1
3fe64006-bd80-5712-8a50-67939213020e,"E 49TH AVE & LANARK ST, VANCOUVER",49.225273,-123.075924,2022,3,5,last_year,roundit-historical-v1
403e3e65-9c53-5fa3-a89d-1f0445fd1b0f,"E 24TH AVE & FRASER ST, VANCOUVER",49.249185,-123.09014,2022,2,9,last_year,roundit-historical-v1
4063b628-d788-5f03-a652-0d15a842f98c,"DAVIE ST & HORNBY ST, VANCOUVER",49.278405,-123.128134,2022,23,21,last_year,roundit-historical-v1
40b4586e-4c97-5070-bbb8-0a8c81ab8065,"OAK ST BRIDGE & SW MARINE DR, VANCOUVER",49.204796,-123.129863,2022,1,7,last_year,roundit-historical-v1
40c7c8b8-2943-5615-8330-a81e0f419fc0,"GRANVILLE ST & W 37TH AVE, VANCOUVER",49.238013,-123.139448,2022,10,8,last_year,roundit-historical-v1
40c84ac0-7af4-5617-aa87-b13e450a191a,"ASH ST & W 13TH AVE, VANCOUVER",49.259493,-123.117658,2022,1,5,last_year,roundit-historical-v1
40dd20c5-f511-5e5e-b6bb-bd3ba3fccad2,"E HASTINGS ST & NANAIMO ST, VANCOUVER",49.281168,-123.056544,2022,71,67,last_year,roundit-historical-v1
4123dd20-942a-5967-995b-dbf1fdeaea71,"ARGYLE ST & SE MARINE DR, VANCOUVER",49.211037,-123.072075,2022,41,43,last_year,roundit-historical-v1
4145e1da-7d57-5b6a-9ac9-1f8f0859cace,"CAMOSUN ST & W 33RD AVE, VANCOUVER",49.242421,-123.196785,2022,3,3,last_year,roundit-historical-v1
416f13f6-7009-5673-a584-966f9812484f,"OAK ST & W 32ND AVE, VANCOUVER",49.24238,-123.127793,2022,10,5,last_year,roundit-historical-v1
41ab57cf-bce7-502c-b7f6-0e3d9eaebb1d,"E BROADWAY & LILLOOET ST, VANCOUVER",49.261899,-123.039083,2022,7,7,last_year,roundit-historical-v1
41b1948e-2f98-586e-bc26-756876e853fd,"COLUMBIA ST & W 62ND AVE, VANCOUVER",49.214176,-123.112722,2022,1,2,last_year,roundit-historical-v1
41bd13e8-e09d-5c8e-a932-1af92c5d1103,"ARLINGTON ST & E 49TH AVE, VANCOUVER",49.223251,-123.02816,2022,8,9,last_year,roundit-historical-v1
41d65a3b-f0fa-51af-bb0d-ee57c9884c98,"E 12TH AVE & NANAIMO ST, VANCOUVER",49.259447,-123.056626,2022,11,15,last_year,roundit-historical-v1
41e702f1-37ba-5452-ad63-7728007c384c,"E 30TH AVE & VICTORIA DR, VANCOUVER",49.244062,-123.065231,2022,3,2,last_year,roundit-historical-v1
41fb6674-26c0-5ae7-b6a9-839123c62a79,"W 1ST AVE & WYLIE ST, VANCOUVER",49.268258,-123.113979,2022,3,1,last_year,roundit-historical-v1
42003991-2ad2-5d72-8983-1c59c8777097,"NAPIER ST & VICTORIA DR, VANCOUVER",49.274844,-123.065655,2022,4,7,last_year,roundit-historical-v1
42023841-b284-5a8a-bb05-c92186a1bd8e,"MAPLE ST & W 3RD AVE, VANCOUVER",49.268989,-123.150354,2022,1,4,last_year,roundit-historical-v1
42152c85-9a5a-57ce-80a9-655d7fde046e,"ABBOTT ST & W HASTINGS ST, VANCOUVER",49.282001,-123.107193,2022,12,22,last_year,roundit-historical-v1
424e39cc-eb32-5ac8-b0b3-b21347a8232e,"CASSIAR CONNECTR & HWY 1, VANCOUVER",49.283126,-123.031967,2022,23,18,last_year,roundit-historical-v1
42b3b6a0-b146-53ce-bfb8-dca6da329722,"HEMLOCK ST & W 4TH AVE, VANCOUVER",49.267228,-123.136137,2022,15,8,last_year,roundit-historical-v1
42caa2a4-6039-5f59-9c04-ec74a9ebec6d,"DAVIE ST & DENMAN ST, VANCOUVER",49.28727,-123.141822,2022,20,28,last_year,roundit-historical-v1
42d6b3fb-c64c-5d53-85b6-8969a26eb371,"DUNBAR ST & SW MARINE DR, VANCOUVER",49.230603,-123.185361,2022,19,15,last_year,roundit-historical-v1
42f24a95-caa9-5aa7-9220-e0c454d1bfee,"E 16TH AVE & QUEBEC ST, VANCOUVER",49.256606,-123.103243,2022,9,9,last_year,roundit-historical-v1
4313fded-ac90-57c6-bc18-842676511442,"MANITOBA ST & SW MARINE DR, VANCOUVER",49.212187,-123.109974,2022,28,29,last_year,roundit-historical-v1
435331b7-6740-5761-bdf3-adba49f9018a,"E 1ST AVE & PENTICTON ST, VANCOUVER",49.269485,-123.052072,2022,7,19,last_year,roundit-historical-v1
439b745d-4d6e-5f4a-98aa-07bd7c23deca,"GRANVILLE ST & MATTHEWS AVE, VANCOUVER",49.25315,-123.138938,2022,11,3,last_year,roundit-historical-v1
439c7725-69b9-50b8-a79c-1596a626d404,"BORDEN ST & E 64TH AVE, VANCOUVER",49.211969,-123.074076,2022,2,1,last_year,roundit-historical-v1
4421a5a5-37cc-5581-86a7-20a09101e8ed,"W 7TH AVE & YEW ST, VANCOUVER",49.265618,-123.155235,2022,1,3,last_year,roundit-historical-v1
4489be5f-7291-5f38-8378-0a369f31d17e,"54TH AVE AND VICTORIA LOOP & VICTORIA DR, VANCOUVER",49.219687,-123.06589,2022,1,2,last_year,roundit-historical-v1
44d5d696-9738-5f76-bfd8-f8e56a14e136,"BALACLAVA ST & W 16TH AVE, VANCOUVER",49.257835,-123.174222,2022,3,3,last_year,roundit-historical-v1
44ffd899-6a21-59e1-96dd-7f2b7850311c,"ARGYLE DR & VICTORIA DR, VANCOUVER",49.220267,-123.06587,2022,6,11,last_year,roundit-historical-v1
45204f52-d864-501b-abad-0dd22fb924aa,"TRAFALGAR ST & W 41ST AVE, VANCOUVER",49.234729,-123.165832,2022,1,1,last_year,roundit-historical-v1
452302db-10fb-5b5d-b067-aa2a9c450ed4,"SPRUCE ST & W 11TH AVE, VANCOUVER",49.261562,-123.129067,2022,7,1,last_year,roundit-historical-v1
4529403d-3273-572c-b470-97bcd1004a5b,"CARRALL ST & W CORDOVA ST, VANCOUVER",49.282429,-123.104267,2022,3,8,last_year,roundit-historical-v1
458cd3d4-ac2a-5660-b529-a5a0a47767b6,"OAK ST & W 17TH AVE, VANCOUVER",49.256156,-123.127255,2022,3,3,last_year,roundit-historical-v1
459f4711-0efd-5dfd-bc56-9971ea06e1a2,"MAPLE ST & W 49TH AVE, VANCOUVER",49.227129,-123.152329,2022,2,4,last_year,roundit-historical-v1
45a66d21-f777-5a30-9151-abe0869091fe,"DENMAN ST & NELSON ST, VANCOUVER",49.28938,-123.138616,2022,16,9,last_year,roundit-historical-v1
45bd9b3b-a53c-5823-8674-2f50733828e5,"PRINCE ALBERT ST & SE MARINE DR, VANCOUVER",49.211056,-123.088239,2022,2,4,last_year,roundit-historical-v1
46079a2f-1113-544f-a3f0-2d0f57214e3e,"ABBOTT ST & WATER ST, VANCOUVER",49.283892,-123.106413,2022,7,8,last_year,roundit-historical-v1
4615c9c4-7b1c-52e8-98f7-f13cac950386,"E PENDER ST & JACKSON AVE, VANCOUVER",49.280271,-123.093473,2022,3,7,last_year,roundit-historical-v1
465d5dfa-3b9b-5411-a618-8fca5a324ce9,"E 1ST AVE & NOOTKA ST, VANCOUVER",49.269558,-123.041466,2022,10,8,last_year,roundit-historical-v1
469e59bd-8a4f-5905-8fbe-a249d6101d82,"E BROADWAY & PRINCE EDWARD ST, VANCOUVER",49.262638,-123.096,2022,7,7,last_year,roundit-historical-v1
46fdf744-7dbc-5725-9393-d8c9d30eda88,"BOUNDARY RD & ELMWOOD ST, VANCOUVER",49.250655,-123.023652,2022,4,4,last_year,roundit-historical-v1
4714a9a8-06ce-5597-8c18-a1c3d7096218,"CARNARVON ST & SW MARINE DR, VANCOUVER",49.228194,-123.173603,2022,2,4,last_year,roundit-historical-v1
472a57de-2a94-5764-b83d-2c640aeaf84c,"HARO ST & THURLOW ST, VANCOUVER",49.283895,-123.125911,2022,11,22,last_year,roundit-historical-v1
474a5914-c389-50a9-af68-506cf5b01f3c,"DISCOVERY ST & W 16TH AVE, VANCOUVER",49.258199,-123.20322,2022,4,7,last_year,roundit-historical-v1
47b19a4b-5c62-5b4a-a5d5-ab083b96d4f7,"GRANVILLE ST & W 64TH AVE, VANCOUVER",49.213145,-123.140369,2022,18,23,last_year,roundit-historical-v1
47bfc6a0-a6a1-5ffb-9c93-652e3597ac33,"MAPLE ST & W 12TH AVE, VANCOUVER",49.261011,-123.150634,2022,4,4,last_year,roundit-historical-v1
47c1e4c2-ff97-5461-94ca-ff8a4fc3e729,"W 8TH AVE & YEW ST, VANCOUVER",49.264794,-123.155264,2022,1,1,last_year,roundit-historical-v1
4802759a-2db2-5feb-a7e9-babcc90a5116,"GRANVILLE ST & W 13TH AVE, VANCOUVER",49.259815,-123.138729,2022,18,20,last_year,roundit-historical-v1
482331b5-d71d-54e9-a112-0a1d13f22ae7,"DUNBAR ST & W BROADWAY, VANCOUVER",49.264336,-123.183784,2022,4,6,last_year,roundit-historical-v1
482c376a-f776-56c8-a983-dff2412d1c31,"BURRARD ST & W GEORGIA ST, VANCOUVER",49.284409,-123.121096,2022,46,57,last_year,roundit-historical-v1
4834f250-afb2-532f-8c34-6f09c875ae06,"E 49TH AVE & SOPHIA ST, VANCOUVER",49.225624,-123.099546,2022,2,4,last_year,roundit-historical-v1
4838495c-04d1-5ae0-afc1-4836926133a4,"TRAFALGAR ST & W 10TH AVE, VANCOUVER",49.263072,-123.164695,2022,1,1,last_year,roundit-historical-v1
48420df9-6ee0-56c2-814a-7712cbc52d3f,"BURRARD ST & W PENDER ST, VANCOUVER",49.286556,-123.117889,2022,19,18,last_year,roundit-historical-v1
48718594-3732-5633-aab4-404d79ceb91d,"E 8TH AVE & PRINCE EDWARD ST, VANCOUVER",49.263477,-123.095931,2022,2,2,last_year,roundit-historical-v1
487de8c4-1c5f-59ea-a4d8-3730f1f68608,"OAK ST & W 72ND AVE, VANCOUVER",49.205635,-123.13039,2022,4,3,last_year,roundit-historical-v1
4880d55e-d440-59c5-8b2f-4cb1fde8d788,"BURRARD ST & CORNWALL AVE, VANCOUVER",49.272406,-123.145229,2022,30,25,last_year,roundit-historical-v1
4932b001-a884-508b-b524-c64e3eaa7a46,"E 1ST AVE & KASLO ST, VANCOUVER",49.269577,-123.046936,2022,10,7,last_year,roundit-historical-v1
49411119-b798-510c-9065-8e244d4ad3a5,"GRANVILLE ST & W 35TH AVE, VANCOUVER",49.239965,-123.139362,2022,5,10,last_year,roundit-historical-v1
497414c6-d7e3-5f43-bcea-b397473efd31,"E 45TH AVE & VICTORIA DR, VANCOUVER",49.229464,-123.065585,2022,5,9,last_year,roundit-historical-v1
49754197-1ad7-5eb3-881f-0f159cef6ff9,"E 20TH AVE & FRASER ST, VANCOUVER",49.252794,-123.089992,2022,7,3,last_year,roundit-historical-v1
4987feea-42af-5510-b612-5b355c7255f1,"CLARK DR & E PENDER ST, VANCOUVER",49.280357,-123.077162,2022,6,9,last_year,roundit-historical-v1
4988d1e5-6aa6-5ae9-bea0-ba3f27192fdd,"CLARENDON ST & E 37TH AVE, VANCOUVER",49.237393,-123.055482,2022,2,3,last_year,roundit-historical-v1
49b615b3-55db-5cd6-acd9-543cecf5f506,"E 56TH AVE & FRASER ST, VANCOUVER",49.219116,-123.090919,2022,6,5,last_year,roundit-historical-v1
49c78f94-d07f-554c-bf3f-dea44c46d56a,"E 15TH AVE & RENFREW ST, VANCOUVER",49.256314,-123.044324,2022,1,4,last_year,roundit-historical-v1
49f2a276-ffde-5163-bae3-31a4b34b4381,"DENMAN ST & W GEORGIA ST, VANCOUVER",49.292623,-123.133718,2022,72,72,last_year,roundit-historical-v1
4a09b8b3-590f-518a-a5ce-6975bf9fa077,"BALFOUR AVE & GRANVILLE ST, VANCOUVER",49.251905,-123.139024,2022,13,7,last_year,roundit-historical-v1
4a2a20e2-1841-59ed-8d68-c173dc4b665a,"FRANKLIN ST & RENFREW ST, VANCOUVER",49.282057,-123.043983,2022,4,3,last_year,roundit-historical-v1
4a333a7f-3ffc-5e26-895e-0c75d1b8bed3,"BOUNDARY RD & NORMANDY DR, VANCOUVER",49.2515,-123.023656,2022,21,10,last_year,roundit-historical-v1
4a434755-7060-579d-b65a-ca85bc981b5b,"E 54TH AVE & KERR ST, VANCOUVER",49.220159,-123.041281,2022,62,47,last_year,roundit-historical-v1
4a52d348-a691-5727-862a-a2d650d98b22,"CAMBIE ST BRIDGE & W 2ND AVE, VANCOUVER",49.266721,-123.11478,2022,5,4,last_year,roundit-historical-v1
4a55386a-41c4-5373-b5c8-68cd3bd14e35,"CLARK DR & KINGSWAY, VANCOUVER",49.251162,-123.078009,2022,19,24,last_year,roundit-historical-v1
4a698024-2cab-5731-b78e-4de6e9cbcea4,"DOUGLAS CRES & OAK ST, VANCOUVER",49.254412,-123.12733,2022,8,12,last_year,roundit-historical-v1
4a6c6b4f-1dae-53c0-af1a-120b8805786d,"JERVIS ST & W PENDER ST, VANCOUVER",49.289023,-123.125547,2022,2,4,last_year,roundit-historical-v1
4a718924-6396-5b1d-9e00-e01f0c570e83,"HAMILTON ST & NELSON ST, VANCOUVER",49.276965,-123.119511,2022,19,9,last_year,roundit-historical-v1
4a78e902-c355-5401-b6da-79280e56c654,"E 33RD AVE & WINDSOR ST, VANCOUVER",49.240264,-123.084582,2022,4,10,last_year,roundit-historical-v1
4a9047b6-927b-5742-821c-09bb62c52b52,"E HASTINGS ST & KOOTENAY ST, VANCOUVER",49.281134,-123.025715,2022,7,18,last_year,roundit-historical-v1
4aa16596-fb79-5c2c-bb84-08bebfc07183,"E 12TH AVE & KASLO ST, VANCOUVER",49.259062,-123.047046,2022,2,8,last_year,roundit-historical-v1
4ad2277d-9a99-585b-a502-16a829c1eb98,"BURRARD ST & W 1ST AVE, VANCOUVER",49.270666,-123.145483,2022,13,16,last_year,roundit-historical-v1
4ae338e1-8d54-5d35-9fe4-a2514dff407a,"RAYMUR AVE & UNION ST, VANCOUVER",49.277371,-123.083287,2022,4,5,last_year,roundit-historical-v1
4af2e8fd-6f21-525c-a8ee-357c079e8c2b,"LOUGHEED HWY & SKEENA ST, VANCOUVER",49.263485,-123.028483,2022,13,8,last_year,roundit-historical-v1
4b6cb6ae-f91d-518f-a1e1-3a744d12c69e,"E 41ST AVE & LANCASTER ST, VANCOUVER",49.232937,-123.041711,2022,3,1,last_year,roundit-historical-v1
4b86092a-0b9e-5755-9260-c9817d9334d8,"HIGHBURY ST & W 4TH AVE, VANCOUVER",49.268633,-123.187629,2022,15,8,last_year,roundit-historical-v1
4bd6f3b5-1848-5026-8bb6-2c9100945965,"GRANVILLE ST & W 59TH AVE, VANCOUVER",49.217369,-123.140216,2022,15,11,last_year,roundit-historical-v1
4c31be77-c0e8-5833-87a6-54058f37d7a6,"GRANVILLE ST & HELMCKEN ST, VANCOUVER",49.278201,-123.124606,2022,10,20,last_year,roundit-historical-v1
4c6d6b69-bd43-509f-8a11-b3e8e40590c9,"BARCLAY ST & THURLOW ST, VANCOUVER",49.283217,-123.126936,2022,12,3,last_year,roundit-historical-v1
4c8283a3-6cfb-52e6-867e-ae742161fa87,"NELSON ST & THURLOW ST, VANCOUVER",49.28249,-123.128048,2022,19,18,last_year,roundit-historical-v1
4cfc1a3e-c5a1-5f5d-ac4f-331b4e7afdd3,"MONTCALM ST & W 73RD AVE, VANCOUVER",49.204547,-123.136357,2022,1,1,last_year,roundit-historical-v1
4d00efaa-8f46-5731-b83e-05dcd68442ed,"ASH ST & W 7TH AVE, VANCOUVER",49.265013,-123.117445,2022,4,8,last_year,roundit-historical-v1
4d67a54d-60e1-575c-8700-f484209b606f,"MAIN ST & MILROSS AVE, VANCOUVER",49.276037,-123.099957,2022,1,8,last_year,roundit-historical-v1
4d6c6dab-0b20-5e8f-91d2-7f519d5c42d3,"E HASTINGS ST & WOODLAND DR, VANCOUVER",49.281292,-123.072629,2022,10,6,last_year,roundit-historical-v1
4d7ad489-a074-536c-a97d-3fbb07ae7969,"CAMBIE ST & W 43RD AVE, VANCOUVER",49.231631,-123.116279,2022,3,2,last_year,roundit-historical-v1
4d86daf8-ff83-570b-a1f8-8d828c075c3d,"KINGSWAY & ST CATHERINES ST, VANCOUVER",49.254746,-123.085636,2022,10,6,last_year,roundit-historical-v1
4dea6c32-7485-5847-80e7-1338190c0a67,"GRANVILLE ST & W 8TH AVE, VANCOUVER",49.264503,-123.138529,2022,15,15,last_year,roundit-historical-v1
4e222caa-d039-50a6-bba8-3dd853ce0317,"ARGYLE ST & E 61ST AVE, VANCOUVER",49.214577,-123.072028,2022,4,2,last_year,roundit-historical-v1
4e2db2df-d2e4-5a77-83b7-1836f6fcbfeb,"ONTARIO ST & W 37TH AVE, VANCOUVER",49.237333,-123.105495,2022,2,2,last_year,roundit-historical-v1
4e687e38-2711-5c50-9bb9-17c5450f0cbf,"GRANVILLE ST & W 54TH AVE, VANCOUVER",49.221704,-123.140015,2022,19,14,last_year,roundit-historical-v1
4e7c590f-e21f-5c0f-a2a5-d97e669e037d,"OAK ST & W 7TH AVE, VANCOUVER",49.265157,-123.126561,2022,6,10,last_year,roundit-historical-v1
4e9cd735-9937-5681-a532-a1212b4268a6,"MAIN ST & TERMINAL AVE, VANCOUVER",49.272815,-123.100019,2022,103,129,last_year,roundit-historical-v1
4ea8441d-794c-550b-b939-9339d61e66f6,"BOUNDARY RD & GRANDVIEW HWY, VANCOUVER",49.258209,-123.023636,2022,200,204,last_year,roundit-historical-v1
4ecd9221-4d73-576f-b4ff-f91e6e0605dd,"COLLINGWOOD ST & W KING EDWARD AVE, VANCOUVER",49.250047,-123.181839,2022,1,1,last_year,roundit-historical-v1
4ecfb4f4-48e2-5bf1-88a4-18a04a795459,"GRANVILLE ST & W 29TH AVE, VANCOUVER",49.24536,-123.139167,2022,5,5,last_year,roundit-historical-v1
4f13c8a8-9c09-5457-8438-2a169fa64326,"W BROADWAY & WATERLOO ST, VANCOUVER",49.264269,-123.179827,2022,10,10,last_year,roundit-historical-v1
4f3c83d1-afe0-5d3b-ae7d-3758732a3922,"ONTARIO ST & SW MARINE DR, VANCOUVER",49.212334,-123.106574,2022,22,14,last_year,roundit-historical-v1
4f80a765-b9fe-5b5f-8ff7-43ad54768239,"E 55TH AVE & ST GEORGE ST, VANCOUVER",49.220024,-123.094832,2022,1,1,last_year,roundit-historical-v1
4f98e54c-1286-5e23-a45d-61b6d84e9f7c,"CAMBIE ST & W BROADWAY, VANCOUVER",49.263205,-123.114853,2022,64,81,last_year,roundit-historical-v1
4fbf8ac4-a1c7-5a17-9150-5e7f1d0c6d54,"E 29TH AVE & JAMES ST, VANCOUVER",49.244509,-123.103909,2022,1,1,last_year,roundit-historical-v1
4fdcd310-9fcc-5874-956b-f99f4f106e7b,"PANDORA ST & RENFREW ST, VANCOUVER",49.282966,-123.043991,2022,1,1,last_year,roundit-historical-v1
4feeb13c-83a0-5251-a49e-5c70566d294f,"CLARK DR & GRANT ST, VANCOUVER",49.271501,-123.077338,2022,6,8,last_year,roundit-historical-v1
5008b2b4-6aa3-5d75-ac77-0fce5084e023,"HORNBY ST & SMITHE ST, VANCOUVER",49.281573,-123.123373,2022,27,35,last_year,roundit-historical-v1
50094a3b-588d-53ea-82c1-3c6b5042065f,"W GEORGIA ST & W PENDER ST, VANCOUVER",49.290575,-123.130597,2022,33,19,last_year,roundit-historical-v1
508e4d57-9e62-5f63-91a7-7601d66d7dec,"E HASTINGS ST & TEMPLETON DR, VANCOUVER",49.281173,-123.059764,2022,18,28,last_year,roundit-historical-v1
50a6c91b-feeb-5a79-8eea-b844706bc259,"E 41ST AVE & PRINCE ALBERT ST, VANCOUVER",49.232797,-123.087797,2022,6,2,last_year,roundit-historical-v1
50bb5fb7-01fa-5eab-9902-8409555c497c,"COTTON DR & GRAVELEY ST, VANCOUVER",49.270511,-123.071561,2022,2,1,last_year,roundit-historical-v1
50cb0434-c2a5-5b0f-9a7f-d9f59547d3a7,"COMMERCIAL ST & E 33RD AVE, VANCOUVER",49.240097,-123.068015,2022,4,8,last_year,roundit-historical-v1
50eb038a-c4cf-599e-8625-7893c4dfcde2,"KITSILANO DIVERS & MACDONALD ST, VANCOUVER",49.262339,-123.168239,2022,2,4,last_year,roundit-historical-v1
510ad1d5-b738-51d4-acfb-d76f9dfa6ff3,"KINGSWAY & ORMIDALE ST, VANCOUVER",49.232231,-123.02496,2022,5,8,last_year,roundit-historical-v1
51371383-b51c-54b3-8ff6-d99d6fb774cc,"E 21ST AVE & RUPERT ST, VANCOUVER",49.251481,-123.033862,2022,2,1,last_year,roundit-historical-v1
5154e2de-31c3-5a50-821c-3577680db7d0,"BLENHEIM ST & W 4TH AVE, VANCOUVER",49.268502,-123.17769,2022,10,14,last_year,roundit-historical-v1
51632cde-c469-5d33-aed3-a4480b472830,"MAIN ST & PRIOR ST, VANCOUVER",49.276783,-123.099854,2022,36,27,last_year,roundit-historical-v1
5192f525-0e2a-5baa-bb4f-74f206031d9c,"ALDER ST & W 12TH AVE, VANCOUVER",49.260681,-123.131481,2022,5,12,last_year,roundit-historical-v1
51ca7135-f108-5b5d-89ba-8d5af96db234,"ALBERTA ST & W 7TH AVE, VANCOUVER",49.264782,-123.110882,2022,15,13,last_year,roundit-historical-v1
51e79bd5-20c5-526b-94bb-fff09fdbd5c0,"E 22ND AVE & RUPERT ST, VANCOUVER",49.250607,-123.033814,2022,19,33,last_year,roundit-historical-v1
5207d5e6-3b9e-54b7-b81f-1a23b3dc5340,"CROWLEY DR & JOYCE ST, VANCOUVER",49.237472,-123.032577,2022,5,10,last_year,roundit-historical-v1
520be560-7c6f-5042-a016-10fdec6d44f6,"CARRALL ST & E PENDER ST, VANCOUVER",49.280492,-123.104378,2022,5,9,last_year,roundit-historical-v1
5228ae9d-871f-5d9d-a5c5-0d955ed7bfa8,"OAK ST & W 48TH AVE, VANCOUVER",49.227473,-123.128276,2022,3,4,last_year,roundit-historical-v1
522ff18b-2478-5064-a287-118f594b52e9,"BOUNDARY RD OFFRAMP & HWY 1, VANCOUVER",49.261007,-123.023626,2022,18,21,last_year,roundit-historical-v1
52621402-8b54-5570-a0ba-0890fd972fd1,"E KING EDWARD AVE & SOPHIA ST, VANCOUVER",49.248741,-123.098894,2022,2,6,last_year,roundit-historical-v1
526d08b2-4e9d-5350-abb9-f71aa41f9a64,"ARBUTUS ST & W 8TH AVE, VANCOUVER",49.26476,-123.152883,2022,3,3,last_year,roundit-historical-v1
527a413a-e38a-5210-a692-86581b6a3a40,"E 57TH AVE & MAIN ST, VANCOUVER",49.218467,-123.101887,2022,24,10,last_year,roundit-historical-v1
5289788e-b3ff-5d3f-bac8-1e6ca91fd4f4,"ALMA ST & W 10TH AVE, VANCOUVER",49.263481,-123.185898,2022,41,41,last_year,roundit-historical-v1
52900f6d-49db-5b36-b30e-05433627e6b0,"CLARK DR & WILLIAM ST, VANCOUVER",49.27404,-123.077299,2022,12,9,last_year,roundit-historical-v1
529bb240-d11c-55ed-a15d-564c10deb628,"SCOTIA ST & TERMINAL AVE, VANCOUVER",49.271985,-123.095463,2022,5,4,last_year,roundit-historical-v1
52b6690f-e1ae-56a8-bd05-95ed82e17248,"BLENHEIM ST & SW MARINE DR, VANCOUVER",49.23012,-123.178705,2022,17,16,last_year,roundit-historical-v1
52ba57b8-6b33-59d2-8004-86930e7af386,"HOWE ST & ROBSON ST, VANCOUVER",49.282019,-123.120839,2022,19,19,last_year,roundit-historical-v1
52bc79fa-26eb-50c6-bb85-0cd1ff3831cd,"DUNSMUIR VIADUCT & MAIN ST, VANCOUVER",49.277282,-123.099902,2022,8,9,last_year,roundit-historical-v1
530017e0-4291-5943-9e92-0cf999e99649,"BURRARD ST & MELVILLE ST, VANCOUVER",49.285153,-123.120017,2022,5,7,last_year,roundit-historical-v1
5300a0d5-2e50-54bb-bff2-c7779024b981,"BEATTY ST & ROBSON ST, VANCOUVER",49.277588,-123.113963,2022,3,3,last_year,roundit-historical-v1
53356872-49be-59f7-ade7-955c6db77b2a,"BURRARD ST & W 6TH AVE, VANCOUVER",49.266304,-123.145662,2022,5,11,last_year,roundit-historical-v1
53454d9e-9c5b-536e-a159-11a9365aaabb,"POWELL ST & SALSBURY DR, VANCOUVER",49.284225,-123.06825,2022,4,6,last_year,roundit-historical-v1
53470957-c26c-5505-b4f2-db2bf4dbb772,"CASSIAR CONNECTR & E HASTINGS ST, VANCOUVER",49.28117,-123.031463,2022,60,56,last_year,roundit-historical-v1
534c4383-9178-5295-8b15-0e59c46cf424,"ALBERNI ST & CARDERO ST, VANCOUVER",49.290144,-123.131232,2022,8,7,last_year,roundit-historical-v1
537e7d6d-d219-546b-9a02-c01fb20983ca,"E 43RD AVE & MAIN ST, VANCOUVER",49.231175,-123.101435,2022,5,6,last_year,roundit-historical-v1
5397281f-b45b-5f5e-ac98-cbda90121ab9,"NW MARINE DR & W 4TH AVE, VANCOUVER",49.268741,-123.199806,2022,9,9,last_year,roundit-historical-v1
53a2a588-3702-5535-b7a0-789f2ba6f47b,"MAIN ST & UNION ST, VANCOUVER",49.277633,-123.099816,2022,34,33,last_year,roundit-historical-v1
5402e78d-2833-556f-af81-6213be9e3bb5,"KINROSS ST & MARINE WAY, VANCOUVER",49.206941,-123.036631,2022,4,7,last_year,roundit-historical-v1
54418aa5-0319-5bf1-94ed-df8c31eb0f9d,"ASH ST & W KENT AVE N, VANCOUVER",49.205741,-123.119119,2022,1,2,last_year,roundit-historical-v1
54574768-9e51-59c9-aa48-a2b8fe28481f,"CAMPBELL AVE & PRIOR ST, VANCOUVER",49.276493,-123.084998,2022,5,4,last_year,roundit-historical-v1
546b5786-67ee-566c-8fb5-33810bc4bcf0,"E 12TH AVE & WOODLAND DR, VANCOUVER",49.259606,-123.073693,2022,11,14,last_year,roundit-historical-v1
549d1fe3-ed64-570a-a626-28a938815765,"CAMBIE ST & W 7TH AVE, VANCOUVER",49.26495,-123.114804,2022,59,51,last_year,roundit-historical-v1
54abc2e4-f8fc-56cd-9a0e-04a33af34304,"COMMISSIONER ST & MCGILL ST, VANCOUVER",49.288899,-123.040609,2022,11,15,last_year,roundit-historical-v1
54c5df83-8219-5619-b5a7-2fb22852115d,"GRANVILLE ST & W 61ST AVE, VANCOUVER",49.215919,-123.140271,2022,4,2,last_year,roundit-historical-v1
54fe000f-a22f-53f2-b122-78a8f37856d4,"E 54TH AVE & ELLIOTT ST, VANCOUVER",49.220181,-123.054871,2022,8,22,last_year,roundit-historical-v1
551c9973-a2ee-5a3e-9c94-6dcf273c7fad,"E HASTINGS ST & GLEN DR, VANCOUVER",49.280967,-123.081304,2022,10,12,last_year,roundit-historical-v1
552d15f4-98b9-5f39-8c63-861797b449ad,"GRANDVIEW HWY & LAKEWOOD DR, VANCOUVER",49.259523,-123.06207,2022,5,3,last_year,roundit-historical-v1
5533f13b-f87a-51d1-8311-678f55013d07,"MACKENZIE ST & W 10TH AVE, VANCOUVER",49.263242,-123.170152,2022,9,8,last_year,roundit-historical-v1
5534d7b0-c356-5cc8-9e23-2bb444543d80,"E 33RD AVE & MAIN ST, VANCOUVER",49.240503,-123.101467,2022,43,30,last_year,roundit-historical-v1
557c7fb2-cd32-5829-b442-532bf9902f04,"HIGHBURY ST & W 10TH AVE, VANCOUVER",49.263533,-123.187814,2022,8,17,last_year,roundit-historical-v1
55a83e03-6a9d-5f15-9565-4737da737a1a,"E 10TH AVE & ST GEORGE ST, VANCOUVER",49.261543,-123.093016,2022,2,3,last_year,roundit-historical-v1
55effc2d-0274-5388-b54b-c4cc5dbe086d,"BURRARD ST & W BROADWAY, VANCOUVER",49.263701,-123.145756,2022,34,36,last_year,roundit-historical-v1
56003534-56c9-5810-9a0c-c4502af32198,"E 1ST AVE & RUPERT ST, VANCOUVER",49.26945,-123.033689,2022,67,60,last_year,roundit-historical-v1
56498994-174d-5d55-b37a-b45f6e91f78c,"E 62ND AVE & MAIN ST, VANCOUVER",49.214247,-123.102053,2022,6,7,last_year,roundit-historical-v1
5683a504-a911-50aa-af8b-bd6a1f61182e,"BURRARD ST & W 10TH AVE, VANCOUVER",49.262749,-123.145796,2022,5,7,last_year,roundit-historical-v1
56d1385f-865f-5f2b-a39e-c7143e992183,"GRANVILLE ST & W 52ND AVE, VANCOUVER",49.22408,-123.139929,2022,16,17,last_year,roundit-historical-v1
572520aa-ab8e-5801-9b03-5cdb4187ddcb,"HEATLEY AVE & POWELL ST, VANCOUVER",49.282999,-123.089461,2022,4,6,last_year,roundit-historical-v1
5729496c-3523-5a7f-b227-4ad328cfd3cd,"E 26TH AVE & SOPHIA ST, VANCOUVER",49.247552,-123.099124,2022,5,2,last_year,roundit-historical-v1
572a5cf4-6725-5430-8e3f-55bdc246c4d3,"MANNERING AVE & VICTORIA DR, VANCOUVER",49.240684,-123.065349,2022,1,2,last_year,roundit-historical-v1
5737f36c-7134-520c-bd96-4b4ae8c78371,"GRANVILLE ST & W 41ST AVE, VANCOUVER",49.234343,-123.139623,2022,76,70,last_year,roundit-historical-v1
57438871-5023-56d3-8cd8-00d3888ff97e,"GEORGIA VIADUCT & MAIN ST OFFRAMP, VANCOUVER",49.277157,-123.103752,2022,1,4,last_year,roundit-historical-v1
57475706-ece2-5f6b-8e91-eb5273c804d6,"LORD ST & SW MARINE DR, VANCOUVER",49.209733,-123.118299,2022,3,4,last_year,roundit-historical-v1
575dbedb-61d9-5549-af21-aa97e2881cc3,"THURLOW ST & W CORDOVA ST, VANCOUVER",49.288368,-123.119115,2022,4,6,last_year,roundit-historical-v1
57b8d5ac-bc8c-52d4-ba88-dddda8d76d2f,"CYPRESS ST & YORK AVE, VANCOUVER",49.271572,-123.147841,2022,2,5,last_year,roundit-historical-v1
57e84d5f-0ba4-5fe9-98fd-831a1318c08d,"QUEENS AVE & RUPERT ST, VANCOUVER",49.241637,-123.036823,2022,1,2,last_year,roundit-historical-v1
57f11481-e454-5627-aa1d-e5be4216c2ac,"CAMPBELL AVE & E HASTINGS ST, VANCOUVER",49.281043,-123.084797,2022,18,7,last_year,roundit-historical-v1
57f9ad14-7e3c-54ea-b4b2-1b5513bb9aea,"CORDOVA DIVERS & POWELL ST, VANCOUVER",49.28273,-123.085029,2022,2,4,last_year,roundit-historical-v1
5800202d-12d8-51a8-9a2f-b2592f1e1ab9,"W 4TH AVE & WATERLOO ST, VANCOUVER",49.268535,-123.17971,2022,7,8,last_year,roundit-historical-v1
5811ec62-0da1-5062-a951-82e769af7c76,"JACKSON AVE & POWELL ST, VANCOUVER",49.283073,-123.093346,2022,3,7,last_year,roundit-historical-v1
5831117c-73cf-52e4-ad47-3110215fcc6e,"E 48TH AVE & ELLIOTT ST, VANCOUVER",49.225933,-123.054685,2022,4,2,last_year,roundit-historical-v1
5833e03f-a361-5511-ba88-e65bd3233632,"CROWN ST & W 10TH AVE, VANCOUVER",49.263624,-123.193912,2022,4,6,last_year,roundit-historical-v1
588ebea7-6890-5998-8742-5425d4ce4db2,"KINGSWAY & RUPERT ST, VANCOUVER",49.235939,-123.042334,2022,53,60,last_year,roundit-historical-v1
5897978f-fd0d-50d9-98d8-7bf510aaa4c3,"COMMERCIAL DR & E 4TH AVE, VANCOUVER",49.266982,-123.069697,2022,5,14,last_year,roundit-historical-v1
589acdff-0d32-5952-958a-460b74ef24e8,"JERVIS ST & MELVILLE ST, VANCOUVER",49.288814,-123.125564,2022,5,4,last_year,roundit-historical-v1
58b3ab34-c2e1-56f3-a4c6-15c2cc234b4c,"DAVIE ST & THURLOW ST, VANCOUVER",49.280383,-123.131214,2022,31,44,last_year,roundit-historical-v1
58deef7f-ce36-5e86-bbb1-fcbf36ab4bbf,"E 49TH AVE & TYNE ST, VANCOUVER",49.22464,-123.032269,2022,45,52,last_year,roundit-historical-v1
5928051f-7df9-5dd2-bf1d-6f08ae2aedb5,"BALSAM ST & W 12TH AVE, VANCOUVER",49.261149,-123.160145,2022,3,5,last_year,roundit-historical-v1
592e5893-872b-58a7-b9fc-88d7d4a8b116,"RICHARDS ST & ROBSON ST, VANCOUVER",49.280109,-123.11787,2022,24,20,last_year,roundit-historical-v1
596f467d-09cd-5ed8-a2cc-cb8e2a180095,"GRANVILLE ST & W 28TH AVE, VANCOUVER",49.246482,-123.139173,2022,6,1,last_year,roundit-historical-v1
5990d5d5-8d43-5bbb-a6e7-056f7877e53c,"MANITOBA ST & W KING EDWARD AVE, VANCOUVER",49.248926,-123.107447,2022,7,4,last_year,roundit-historical-v1
599269d5-e07e-587d-8e6e-2119aecf2dfd,"JERVIS ST & PENDRELL ST, VANCOUVER",49.283519,-123.133885,2022,5,4,last_year,roundit-historical-v1
59c24aca-ca53-5891-b1c1-ddd2eab9752e,"E 46TH AVE & PRINCE EDWARD ST, VANCOUVER",49.228405,-123.09741,2022,3,1,last_year,roundit-historical-v1
59cf8624-c468-5c4f-8c3f-c1c348838c18,"MILTON ST & SW MARINE DR, VANCOUVER",49.205303,-123.140462,2022,29,27,last_year,roundit-historical-v1
5a136f2c-4d0d-54e8-b732-ca2ff9574950,"E 1ST AVE OFFRAMP & HWY 1, VANCOUVER",49.269452,-123.027611,2022,23,25,last_year,roundit-historical-v1
5a543ff4-3671-5754-81d1-5bbf78dbc323,"E 15TH AVE & VICTORIA DR, VANCOUVER",49.256816,-123.066008,2022,3,2,last_year,roundit-historical-v1
5a879d01-3e26-5ede-af7e-847b9bd97547,"BURRARD ST & W HASTINGS ST, VANCOUVER",49.287173,-123.11696,2022,15,11,last_year,roundit-historical-v1
5ac009da-ef3a-55c0-b05e-4a9d1e54a3f9,"OAK ST & W 26TH AVE, VANCOUVER",49.248149,-123.127569,2022,5,1,last_year,roundit-historical-v1
5b0c0121-3616-58d7-8551-b5b769179b46,"E 51ST AVE & FRASER ST, VANCOUVER",49.223571,-123.090842,2022,16,15,last_year,roundit-historical-v1
5b40b59a-a10e-55da-83c3-41f22d6fadd7,"HEATHER ST & W 12TH AVE, VANCOUVER",49.260498,-123.119936,2022,14,14,last_year,roundit-historical-v1
5b491757-4afc-5d9e-b0ba-aa8ef0479578,"HELMCKEN ST & MAINLAND ST, VANCOUVER",49.275573,-123.120522,2022,5,3,last_year,roundit-historical-v1
5b537de6-4405-5009-8ebb-3d14c54870cf,"FIELDSTONE AVE & SE MARINE DR, VANCOUVER",49.20841,-123.034655,2022,2,3,last_year,roundit-historical-v1
5b56d4c9-4a4d-5b4a-954c-bcd187f2fa49,"VINE ST & W BROADWAY, VANCOUVER",49.2639,-123.157641,2022,18,19,last_year,roundit-historical-v1
5b60b7b9-1bd4-594b-9d4a-6e3ccb167f11,"BEATRICE ST & KINGSWAY, VANCOUVER",49.245786,-123.066531,2022,7,6,last_year,roundit-historical-v1
5b6d18bf-2f38-5262-acd2-d2344a0efd20,"COMMERCIAL DR & E GEORGIA ST, VANCOUVER",49.278482,-123.070471,2022,1,2,last_year,roundit-historical-v1
5c1555f6-9d6c-5ed3-ab19-379ab9b28c7a,"COMMERCIAL ST & E 41ST AVE, VANCOUVER",49.2326,-123.068686,2022,10,11,last_year,roundit-historical-v1
5c230b26-62fe-5b54-8fd6-95c3d450c159,"HEMLOCK ST & W BROADWAY, VANCOUVER",49.263559,-123.136088,2022,35,22,last_year,roundit-historical-v1
5c47a01f-53e1-5da5-98b7-a529c5a53432,"E 53RD AVE & MAIN ST, VANCOUVER",49.221946,-123.10175,2022,3,4,last_year,roundit-historical-v1
5c4920a8-d19f-5200-90bf-9b751c065349,"E GEORGIA ST & PENTICTON ST, VANCOUVER",49.278286,-123.051999,2022,1,3,last_year,roundit-historical-v1
5c65e437-63a0-58d8-b4e2-f4e0f9cbbbc1,"E 22ND AVE & WINDERMERE ST, VANCOUVER",49.250604,-123.036601,2022,2,2,last_year,roundit-historical-v1
5c73b232-9758-5326-9d74-25315edb9e0e,"FIR ST & W BROADWAY, VANCOUVER",49.263614,-123.141026,2022,33,27,last_year,roundit-historical-v1
5c7feec5-26b8-5da7-b88f-2be40b5c4b89,"E 27TH AVE & RUPERT ST, VANCOUVER",49.246234,-123.033843,2022,2,5,last_year,roundit-historical-v1
5d063ff7-1c2e-5b79-8c63-32740735967f,"W 49TH AVE & WEST BOULEVARD, VANCOUVER",49.227157,-123.155104,2022,12,15,last_year,roundit-historical-v1
5d0c94f9-7793-500a-91a1-c13c88acde3c,"ALBERTA ST & W BROADWAY, VANCOUVER",49.263145,-123.110952,2022,27,12,last_year,roundit-historical-v1
5d31bc5b-d689-5438-a45d-f7d988763d04,"PINE ST & W BROADWAY, VANCOUVER",49.263662,-123.143414,2022,21,6,last_year,roundit-historical-v1
5d365d99-69a7-5d75-8acd-926b294fe583,"THURLOW ST & W GEORGIA ST, VANCOUVER",49.285723,-123.123132,2022,37,36,last_year,roundit-historical-v1
5d7f4b77-fc14-5122-b865-6ffb7c7a524b,"POWELL ST & WALL ST, VANCOUVER",49.284806,-123.063552,2022,13,6,last_year,roundit-historical-v1
5d828d54-b9ac-5166-aa33-9e8ec8a437bd,"CAMBIE ST & W GEORGIA ST, VANCOUVER",49.279321,-123.113277,2022,19,30,last_year,roundit-historical-v1
5d8f223a-ed1c-5b10-9e1b-a6ce46fe28b4,"E 34TH AVE & KNIGHT ST, VANCOUVER",49.239359,-123.076513,2022,3,3,last_year,roundit-historical-v1
5d948c82-50fb-5b0b-9199-d6f6a3d3a668,"E 52ND AVE & VICTORIA DR, VANCOUVER",49.22262,-123.065831,2022,7,2,last_year,roundit-historical-v1
5dbe0a20-4442-5615-bd5d-1bbc80fa04d8,"E 1ST AVE & KAMLOOPS ST, VANCOUVER",49.269511,-123.054681,2022,4,4,last_year,roundit-historical-v1
5dd3303b-40c7-574d-b20f-01961f782ed6,"E 33RD AVE & PRINCE ALBERT ST, VANCOUVER",49.240287,-123.087931,2022,2,4,last_year,roundit-historical-v1
5ddba863-dec0-5db1-a1c5-1b198507b369,"MONTCALM ST & W 71ST AVE, VANCOUVER",49.207001,-123.136199,2022,1,1,last_year,roundit-historical-v1
5e0cde0c-3c46-501c-b168-03fe7f63aaae,"MACDONALD ST & W 15TH AVE, VANCOUVER",49.258662,-123.168313,2022,6,2,last_year,roundit-historical-v1
5e10db8c-23da-569f-8237-4995b066862b,"HORNBY ST & W PENDER ST, VANCOUVER",49.285914,-123.116863,2022,6,6,last_year,roundit-historical-v1
5eaa2d7d-82ea-5a3b-ad9b-11a590c1d441,"ARBUTUS ST & W BROADWAY, VANCOUVER",49.263821,-123.152938,2022,30,44,last_year,roundit-historical-v1
5eac41a4-4628-542d-9a2f-33bbde03e5b6,"CLARENDON ST & E 45TH AVE, VANCOUVER",49.229376,-123.05492,2022,8,3,last_year,roundit-historical-v1
5eacadab-da92-5bf1-809c-6164cbf6e627,"GRANVILLE ST & W KING EDWARD AVE, VANCOUVER",49.249411,-123.139097,2022,89,95,last_year,roundit-historical-v1
5eea82d5-dcf2-5186-bae1-b541c5eec673,"W 41ST AVE & YEW ST, VANCOUVER",49.234628,-123.158501,2022,38,58,last_year,roundit-historical-v1
5f028742-d19e-53ae-9abe-dfb7cbf3f6f7,"BEACH AVE & NICOLA ST, VANCOUVER",49.282365,-123.140722,2022,2,1,last_year,roundit-historical-v1
5f037ecd-83d5-5c53-8b04-3b57848e32ba,"HAMILTON ST & W PENDER ST, VANCOUVER",49.282119,-123.110956,2022,4,6,last_year,roundit-historical-v1
5f11a7ee-99d4-516b-971e-23d256475aa8,"ROSEMARY BROWN LANE & THURLOW ST, VANCOUVER",49.284241,-123.125388,2022,8,5,last_year,roundit-historical-v1
5f2fdd2b-9f3a-55c5-97e8-aaf064d83bdd,"ALEXANDRA ST & W KING EDWARD AVE, VANCOUVER",49.24946,-123.141482,2022,6,4,last_year,roundit-historical-v1
5f3d0285-34a3-59dd-8d66-51cae31922aa,"MAIN ST & SWITCHMEN ST, VANCOUVER",49.270919,-123.100633,2022,2,4,last_year,roundit-historical-v1
5f72d197-b302-5c31-b4b6-bfe2255a3491,"HOMER ST & W GEORGIA ST, VANCOUVER",49.280576,-123.115205,2022,8,14,last_year,roundit-historical-v1
5fc125f0-fce0-5304-a546-e770e47cf4da,"CLARK DR & E 20TH AVE, VANCOUVER",49.25263,-123.077961,2022,1,1,last_year,roundit-historical-v1
5fc9d6fb-a412-5a21-ab18-d5dbf7b7abae,"CAMBIE ST & W 57TH AVE, VANCOUVER",49.219058,-123.116784,2022,20,19,last_year,roundit-historical-v1
5fcf8152-76fd-5d8f-a390-6cb68dd0db39,"ARBUTUS ST & W 10TH AVE, VANCOUVER",49.262861,-123.152974,2022,5,8,last_year,roundit-historical-v1
601a8fc1-6081-504e-971a-751e4595a9b7,"HEATHER ST & W 7TH AVE, VANCOUVER",49.265063,-123.119811,2022,7,11,last_year,roundit-historical-v1
60254916-0a1d-5bb1-afa5-1261ec3935fe,"GRANVILLE ST BRIDGE & PACIFIC ST, VANCOUVER",49.275127,-123.129409,2022,1,1,last_year,roundit-historical-v1
604a38a8-aa5a-577e-9325-4228a10d63dd,"MCGILL ST & N RENFREW ST, VANCOUVER",49.288721,-123.044048,2022,12,9,last_year,roundit-historical-v1
609ca667-ac6a-5a16-81f2-765f98a9c06a,"HEMLOCK ST & W 13TH AVE, VANCOUVER",49.259784,-123.136244,2022,4,6,last_year,roundit-historical-v1
60ffb3ab-2c99-5af5-95a9-aed7ffc95028,"TISDALL ST & W 49TH AVE, VANCOUVER",49.22629,-123.121801,2022,6,3,last_year,roundit-historical-v1
6150b956-a707-5e8c-ae88-b5c826a4345c,"LOGAN ST & W 70TH AVE, VANCOUVER",49.208379,-123.124979,2022,2,1,last_year,roundit-historical-v1
61568e3d-5670-5777-a726-c1460b12b37c,"E 12TH AVE & SOPHIA ST, VANCOUVER",49.260188,-123.098306,2022,10,9,last_year,roundit-historical-v1
616b2641-d7d2-563d-825e-1101a3a5f012,"E 35TH AVE & MAIN ST, VANCOUVER",49.239058,-123.101563,2022,2,1,last_year,roundit-historical-v1
61998be7-4733-574c-b389-4e23753fc3c5,"E 29TH AVE & FRASER ST, VANCOUVER",49.244654,-123.090273,2022,4,6,last_year,roundit-historical-v1
61be0cc3-459e-51d2-82eb-8f8cfd51847b,"E 8TH AVE & QUEBEC ST, VANCOUVER",49.263732,-123.102931,2022,4,2,last_year,roundit-historical-v1
61ecf321-5d35-5a06-aed7-04da621a1213,"SEE-EM-IA LANE & THURLOW ST, VANCOUVER",49.280733,-123.130696,2022,7,4,last_year,roundit-historical-v1
61f0d5f7-98ba-5971-88ed-34287d50f030,"DRAKE ST & MARINASIDE CRES, VANCOUVER",49.271987,-123.121398,2022,1,1,last_year,roundit-historical-v1
61f175d3-2639-5e28-87ea-79a9e0852f67,"E 43RD AVE & FRASER ST, VANCOUVER",49.230994,-123.090601,2022,26,22,last_year,roundit-historical-v1
62569b82-12b0-5dab-84c9-76e84c91d524,"BOUNDARY RD & E 45TH AVE, VANCOUVER",49.229234,-123.023512,2022,9,9,last_year,roundit-historical-v1
62659aa3-4388-56a1-a48a-568d134c7c31,"BALACLAVA ST & W 4TH AVE, VANCOUVER",49.268448,-123.173815,2022,9,5,last_year,roundit-historical-v1
628e30e2-30c3-52a0-b99a-29ebc5ca4be7,"GRANDVIEW HWY & SLOCAN ST, VANCOUVER",49.257884,-123.049573,2022,7,13,last_year,roundit-historical-v1
629cb1df-8dda-526d-9d92-fa00d3988ae1,"COMMERCIAL DR & E PENDER ST, VANCOUVER",49.280284,-123.070428,2022,1,1,last_year,roundit-historical-v1
629d17b0-cc11-591e-9a7b-49750b7cf876,"E 39TH AVE & MAIN ST, VANCOUVER",49.235421,-123.101623,2022,7,4,last_year,roundit-historical-v1
62bda2ac-261a-5f6a-9d17-947a724ff301,"E 1ST AVE & TEMPLETON DR, VANCOUVER",49.26951,-123.059945,2022,8,7,last_year,roundit-historical-v1
62c3ff6d-7486-5a8f-82f5-6020bd8394d1,"E 51ST AVE & KNIGHT ST, VANCOUVER",49.223369,-123.077403,2022,6,13,last_year,roundit-historical-v1
62f6f413-f880-56ca-8d04-ade4f2f5f057,"W 10TH AVE & YEW ST, VANCOUVER",49.262898,-123.155334,2022,3,2,last_year,roundit-historical-v1
63282afc-e7eb-57af-b25f-188e4271bbab,"TRAFALGAR ST & W BROADWAY, VANCOUVER",49.26404,-123.164639,2022,11,13,last_year,roundit-historical-v1
634a59ae-f5b0-5108-9038-c2a331f6232e,"UPLAND DR & VICTORIA DR, VANCOUVER",49.218049,-123.065932,2022,2,3,last_year,roundit-historical-v1
6370ced5-6fff-5dc1-909b-61fb56cf4501,"ALBERNI ST & BROUGHTON ST, VANCOUVER",49.288594,-123.128861,2022,13,17,last_year,roundit-historical-v1
638f9310-d45c-5ff5-9687-5793c4466bb6,"E 61ST AVE & FRASER ST, VANCOUVER",49.214816,-123.091047,2022,5,4,last_year,roundit-historical-v1
63afe233-5391-5aad-b276-dfb3b5b5149d,"KINGSWAY & SLOCAN ST, VANCOUVER",49.240009,-123.054067,2022,47,46,last_year,roundit-historical-v1
63b0484a-f31a-58db-8a59-e5f2b86b0dff,"BEACH AVE & BURRARD ST, VANCOUVER",49.276325,-123.134146,2022,3,6,last_year,roundit-historical-v1
63df52b5-c57f-5b59-84c2-51a6f6f6754d,"ARBUTUS ST & SW MARINE DR, VANCOUVER",49.215534,-123.154818,2022,1,3,last_year,roundit-historical-v1
63e83206-fb76-59e9-bbe4-021833c4fbea,"E 46TH AVE & FRASER ST, VANCOUVER",49.228273,-123.090675,2022,7,13,last_year,roundit-historical-v1
64421447-a4a9-5dd7-9bff-d4f399baa379,"BROUGHTON ST & COMOX ST, VANCOUVER",49.285092,-123.1342,2022,1,1,last_year,roundit-historical-v1
644da1cb-c7f9-5e82-aaa7-20eb4f15301f,"FRANKLIN ST & MCLEAN DR, VANCOUVER",49.282228,-123.074092,2022,2,5,last_year,roundit-historical-v1
64513019-62b0-5fca-a7b9-6c1b8ca1e82a,"COMMERCIAL DR & POWELL ST, VANCOUVER",49.283863,-123.070348,2022,14,20,last_year,roundit-historical-v1
646557bd-612b-582e-a473-6e433a516476,"E 58TH AVE & FRASER ST, VANCOUVER",49.217401,-123.090969,2022,6,2,last_year,roundit-historical-v1
647fbfd5-ff9c-5ffd-a6bd-aab648e044cf,"FRANKLIN ST & WOODLAND DR, VANCOUVER",49.282209,-123.072638,2022,2,1,last_year,roundit-historical-v1
64b047d0-53a9-5a0b-89fa-ac995cb4b994,"FRASER ST & KINGSWAY, VANCOUVER",49.25669,-123.089786,2022,60,44,last_year,roundit-historical-v1
64b4b0d8-8903-58a4-a765-cb738bb8d521,"CLARK DR & E 7TH AVE, VANCOUVER",49.264234,-123.077487,2022,18,18,last_year,roundit-historical-v1
64df0b04-d992-5284-82f9-ace798c9f8b2,"E HASTINGS ST & LILLOOET ST, VANCOUVER",49.281161,-123.038842,2022,15,5,last_year,roundit-historical-v1
64f0b028-1ee0-5c2f-8b28-c61532552faa,"BAYSWATER ST & W 4TH AVE, VANCOUVER",49.268422,-123.171072,2022,15,5,last_year,roundit-historical-v1
64ffbd9f-b537-57c5-8a1c-50912cd75d2d,"E 13TH AVE & KINGSWAY, VANCOUVER",49.259248,-123.095797,2022,5,4,last_year,roundit-historical-v1
653b1bd1-ee4f-5a61-bf2a-e05f97200bfa,"MACDONALD ST & SW MARINE DR, VANCOUVER",49.225788,-123.168416,2022,13,19,last_year,roundit-historical-v1
654d181b-478c-5398-949a-37f9ed38d938,"PARKER ST & RAYMUR AVE, VANCOUVER",49.27581,-123.082647,2022,2,1,last_year,roundit-historical-v1
657e33b8-45f7-552e-a1da-818189a4e6d4,"DEVONSHIRE CRES & OAK ST, VANCOUVER",49.244498,-123.127659,2022,3,9,last_year,roundit-historical-v1
65de83e8-31eb-5f85-a089-fba1bcc34512,"STEPHENS ST & W BROADWAY, VANCOUVER",49.264049,-123.166486,2022,4,10,last_year,roundit-historical-v1
664caf0a-1461-5346-bdea-b267e21de4d1,"CLARENDON ST & E 38TH AVE, VANCOUVER",49.235903,-123.055493,2022,4,5,last_year,roundit-historical-v1
66c6c879-cab0-53b6-b108-a2e7071c9182,"E 20TH AVE & RUPERT ST, VANCOUVER",49.252306,-123.03381,2022,3,2,last_year,roundit-historical-v1
671d7d6c-f03e-5dac-8c56-1b65e905ddd7,"W 43RD AVE & WEST BOULEVARD, VANCOUVER",49.232708,-123.155645,2022,2,5,last_year,roundit-historical-v1
6749c000-00f6-5225-8a30-be357f9d30f3,"MARPOLE AVE & MCRAE AVE, VANCOUVER",49.25716,-123.138247,2022,1,2,last_year,roundit-historical-v1
6749ca35-8dbe-54d9-ab83-adce5b4ff9f9,"DUMFRIES ST & E 49TH AVE, VANCOUVER",49.225266,-123.074542,2022,10,12,last_year,roundit-historical-v1
6765b949-5866-5f77-956e-6da8377d814e,"SE MARINE DR & ST GEORGE ST, VANCOUVER",49.211023,-123.094231,2022,8,1,last_year,roundit-historical-v1
6785ce1e-aacf-5471-bcfa-7667770d2b02,"GRANVILLE ST BRIDGE & HEMLOCK ST ONRAMP, VANCOUVER",49.267898,-123.138396,2022,1,1,last_year,roundit-historical-v1
67920f83-87bd-5260-b9ba-61762c9435c4,"COLUMBIA ST & POWELL ST, VANCOUVER",49.283241,-123.102183,2022,3,7,last_year,roundit-historical-v1
6796695a-a44a-5e2c-b4c4-83e6dc8b12ef,"KINGSWAY & MILLER ST, VANCOUVER",49.246909,-123.068908,2022,9,10,last_year,roundit-historical-v1
67c56ecc-bb80-5a13-a3ef-ce94efaa38d0,"W BROADWAY & YEW ST, VANCOUVER",49.26386,-123.155298,2022,7,7,last_year,roundit-historical-v1
67d06200-6995-51f1-9635-3018cdccfeaa,"ELM ST & W 41ST AVE, VANCOUVER",49.234702,-123.164156,2022,3,2,last_year,roundit-historical-v1
67f542b8-45cd-5582-be79-e8f7e5ebc8f4,"SW MARINE DR & W 71ST AVE, VANCOUVER",49.207095,-123.142252,2022,1,6,last_year,roundit-historical-v1
6837cbf3-27a0-50ce-af83-961d11e4a534,"OSLER ST & W 70TH AVE, VANCOUVER",49.208491,-123.131606,2022,3,7,last_year,roundit-historical-v1
68601305-7918-59bc-bdcc-030a6614fcb1,"COMMERCIAL DR & E 2ND AVE, VANCOUVER",49.2687,-123.069673,2022,15,24,last_year,roundit-historical-v1
68723a16-ad87-5588-97d2-5711e43cac91,"E 63RD AVE & INVERNESS ST, VANCOUVER",49.212875,-123.079893,2022,4,4,last_year,roundit-historical-v1
687ba6ff-e04d-567e-a554-65db73892cee,"E 62ND AVE & KNIGHT ST, VANCOUVER",49.213763,-123.077102,2022,26,21,last_year,roundit-historical-v1
68b29de6-97b0-5e96-a30d-81b0b8030403,"GRIFFITHS WAY & PACIFIC BLVD, VANCOUVER",49.276723,-123.109139,2022,4,8,last_year,roundit-historical-v1
68bda8d1-a132-5689-a5bb-4a906bd23da5,"PRINCESS AVE & UNION ST, VANCOUVER",49.277514,-123.091647,2022,1,2,last_year,roundit-historical-v1
68dc0618-9193-51d3-82ec-c2de5b63e042,"E 12TH AVE & LAKEWOOD DR, VANCOUVER",49.259523,-123.06207,2022,9,11,last_year,roundit-historical-v1
68eb4ab6-9721-5fa6-9079-e6facd9fd68e,"E 24TH AVE & KNIGHT ST, VANCOUVER",49.248981,-123.076162,2022,2,1,last_year,roundit-historical-v1
68ec6b92-19d3-5826-9c86-1fc7bf3d1c94,"RAYMUR AVE & VENABLES ST, VANCOUVER",49.276832,-123.082609,2022,5,4,last_year,roundit-historical-v1
68f28152-de0b-57e8-a26a-eb1755d9b873,"HEATHER ST & W 6TH AVE, VANCOUVER",49.265912,-123.119784,2022,7,7,last_year,roundit-historical-v1
68f5dae4-7c6b-52bd-be75-495cbf071f48,"HWY 1 & RUPERT ST OFFRAMP, VANCOUVER",49.269452,-123.027611,2022,6,6,last_year,roundit-historical-v1
692b8b23-aa5f-56c5-88e9-d7b8e890320b,"OAK ST & W 51ST AVE, VANCOUVER",49.224795,-123.128393,2022,1,4,last_year,roundit-historical-v1
6931702c-f5b1-590f-876a-aaafa97a0e88,"E 26TH AVE & MAIN ST, VANCOUVER",49.247981,-123.101117,2022,14,17,last_year,roundit-historical-v1
696abe9a-3403-54c8-a5f1-70360b05d624,"DUNBAR ST & W 26TH AVE, VANCOUVER",49.249021,-123.185201,2022,3,16,last_year,roundit-historical-v1
69a8886e-a9b7-5957-b2a4-4a36fb681d9b,"W KING EDWARD AVE & WILLOW ST, VANCOUVER",49.249124,-123.12232,2022,4,6,last_year,roundit-historical-v1
69c45cb4-65b9-5a4d-8e58-cee48579a8a7,"E 4TH AVE & MAIN ST, VANCOUVER",49.267312,-123.100756,2022,19,12,last_year,roundit-historical-v1
69ea5019-7ceb-5186-be6d-c7c7978cd4b3,"ALMA ST & W 12TH AVE, VANCOUVER",49.261668,-123.185915,2022,2,4,last_year,roundit-historical-v1
6a404edd-5491-5a21-857b-5dfbefc12aba,"E KING EDWARD AVE & INVERNESS ST, VANCOUVER",49.248549,-123.080035,2022,4,2,last_year,roundit-historical-v1
6a47fb02-41f8-572a-9df2-f6d148232fb6,"DUNSMUIR ST & GRANVILLE ST, VANCOUVER",49.283633,-123.116387,2022,10,12,last_year,roundit-historical-v1
6a5383b3-9b0d-566d-aa12-5509f62d2ad5,"HEATHER ST & W KING EDWARD AVE, VANCOUVER",49.249143,-123.120381,2022,4,5,last_year,roundit-historical-v1
6a53da5c-4a46-5298-b790-a1ec83d6467a,"E KING EDWARD AVE & MAIN ST, VANCOUVER",49.248771,-123.10107,2022,25,34,last_year,roundit-historical-v1
6a5891a9-f061-54a1-85e6-7508f641e763,"E 37TH AVE & KNIGHT ST, VANCOUVER",49.236835,-123.076912,2022,11,17,last_year,roundit-historical-v1
6a7afb34-af20-57c0-97f3-42d32ec277d4,"LABURNUM ST & W 41ST AVE, VANCOUVER",49.234507,-123.150603,2022,1,1,last_year,roundit-historical-v1
6a7d577c-0f4d-5304-a108-7406fd5a3cab,"PANTAGES LANE & THURLOW ST, VANCOUVER",49.280018,-123.131731,2022,5,6,last_year,roundit-historical-v1
6a82e2ff-fa5a-54ed-aea9-5309cb0d1668,"E 49TH AVE & NANAIMO ST, VANCOUVER",49.22504,-123.059158,2022,12,4,last_year,roundit-historical-v1
6aa88a95-2363-5835-a9e4-f8410dcaf176,"E 21ST AVE & MAIN ST, VANCOUVER",49.251936,-123.100937,2022,6,10,last_year,roundit-historical-v1
6ab5c0e8-1d76-50b7-adc0-00a3622ef08b,"BURRARD ST & HARWOOD ST, VANCOUVER",49.277669,-123.131347,2022,5,11,last_year,roundit-historical-v1
6ad1f19a-ed3c-506b-86ef-289057d08b07,"E 60TH AVE & KNIGHT ST, VANCOUVER",49.215478,-123.077071,2022,22,16,last_year,roundit-historical-v1
6adcd0e4-2429-5c4c-955e-effb03e9a02d,"STANLEY PARK CAUSEWAY & STANLEY PARK DR, VANCOUVER",49.311078,-123.142583,2022,3,3,last_year,roundit-historical-v1
6ae5e045-9477-5f93-b362-ccd65e9ef8dd,"TRIMBLE ST & W 10TH AVE, VANCOUVER",49.26379,-123.20609,2022,13,14,last_year,roundit-historical-v1
6b2f4f00-78fd-5b89-8aa1-52d3c7618d44,"CLARENDON ST & E 34TH AVE, VANCOUVER",49.238892,-123.055462,2022,5,8,last_year,roundit-historical-v1
6b4d74ae-fb66-570c-85c9-6f4d36c25fbe,"ARBUTUS ST & W 33RD AVE, VANCOUVER",49.242116,-123.153482,2022,21,19,last_year,roundit-historical-v1
6b72720a-07fc-5fa7-9916-3c357dd29c99,"BOUNDARY RD & MOSCROP ST, VANCOUVER",49.242547,-123.023688,2022,2,5,last_year,roundit-historical-v1
6b884179-7b6e-5122-b868-c4b28307f6b4,"CROWN ST & W 41ST AVE, VANCOUVER",49.234772,-123.193723,2022,2,4,last_year,roundit-historical-v1
6bb4e388-e794-5142-883c-746fb379815f,"FIR ST & W 6TH AVE, VANCOUVER",49.266223,-123.140934,2022,6,9,last_year,roundit-historical-v1
6bde3744-b3f6-55e0-b9af-5790ce76131e,"E 46TH AVE & VICTORIA DR, VANCOUVER",49.228564,-123.065613,2022,3,4,last_year,roundit-historical-v1
6be1719a-147c-5ee3-840b-b1057ac30970,"E 64TH AVE & FRASER ST, VANCOUVER",49.212631,-123.09111,2022,5,3,last_year,roundit-historical-v1
6bfbedbe-5f5d-5154-bdd1-cb11094ac8f3,"BLENHEIM ST & W BROADWAY, VANCOUVER",49.264235,-123.177798,2022,13,23,last_year,roundit-historical-v1
6c0cc22b-7fc5-590a-a569-dd66d142fc45,"TRUTCH ST & W 10TH AVE, VANCOUVER",49.26333,-123.17593,2022,5,9,last_year,roundit-historical-v1
6c2bd29a-59d7-5e9a-976b-3f8f2b386dce,"CROWN ST & W 16TH AVE, VANCOUVER",49.258069,-123.194126,2022,2,10,last_year,roundit-historical-v1
6c6c4445-50f1-5227-aaf4-a789b3520260,"E 2ND AVE & QUEBEC ST, VANCOUVER",49.269212,-123.102714,2022,30,38,last_year,roundit-historical-v1
6c6fadcd-8397-572a-893c-033ce7d8ad14,"LAUREL ST & W 16TH AVE, VANCOUVER",49.257069,-123.124384,2022,4,3,last_year,roundit-historical-v1
6ca5c49f-db25-55c6-8760-34cc6af21657,"PANDORA ST & SALSBURY DR, VANCOUVER",49.283065,-123.068267,2022,2,1,last_year,roundit-historical-v1
6cb3eedd-384f-5bad-ad68-5e620b317968,"FIR ST & W 14TH AVE, VANCOUVER",49.258953,-123.141217,2022,8,7,last_year,roundit-historical-v1
6cb44f77-ed9e-5d8c-af0b-d87e63330166,"E BROADWAY & KAMLOOPS ST, VANCOUVER",49.262017,-123.054705,2022,3,5,last_year,roundit-historical-v1
6cf692cd-ba42-5a4b-b633-57f8aed0e2ea,"COMMERCIAL ST & E 37TH AVE, VANCOUVER",49.236727,-123.068619,2022,1,3,last_year,roundit-historical-v1
6d39a0de-2a79-5dd2-9340-163dde47a9e2,"HWY 99 & STANLEY PARK DR, VANCOUVER",49.311078,-123.142583,2022,5,5,last_year,roundit-historical-v1
6d9661f2-f96f-5fd2-9048-7da8dfe2c62a,"E 24TH AVE & MAIN ST, VANCOUVER",49.249435,-123.101047,2022,8,5,last_year,roundit-historical-v1
6daba1f5-8569-59e0-86a1-ba0a9b325bc2,"BUTE ST & HARO ST, VANCOUVER",49.28532,-123.128043,2022,1,1,last_year,roundit-historical-v1
6db3ae26-55de-5ed6-ac85-4dd1662fa2f9,"E 31ST AVE & FRASER ST, VANCOUVER",49.242595,-123.09032,2022,2,6,last_year,roundit-historical-v1
6db76c92-1af5-5147-aea5-0e18b479430e,"E 29TH AVE & NOOTKA ST, VANCOUVER",49.244548,-123.042163,2022,2,5,last_year,roundit-historical-v1
6dd36c96-1e8d-5e1c-9421-a4c35a295cfb,"ALEXANDER ST & POWELL ST, VANCOUVER",49.283368,-123.104002,2022,2,3,last_year,roundit-historical-v1
6deb615d-d4e9-582d-91cf-f68b3990cde0,"GRANVILLE BRIDGE & PACIFIC ST, VANCOUVER",49.275127,-123.129409,2022,2,2,last_year,roundit-historical-v1
6ded5e39-5b6f-58f4-a05e-b5848a415dda,"BLENHEIM ST & W 41ST AVE, VANCOUVER",49.23476,-123.178714,2022,9,8,last_year,roundit-historical-v1
6def6a6b-9c86-5515-831b-e2df404aa7cf,"E 1ST AVE & ONTARIO ST, VANCOUVER",49.270163,-123.104627,2022,2,3,last_year,roundit-historical-v1
6f154a39-229b-5567-9b64-576829480a4f,"E 18TH AVE & FRASER ST, VANCOUVER",49.254632,-123.089952,2022,9,4,last_year,roundit-historical-v1
6f260456-263a-525e-9b46-0269e4b80076,"BORDEN ST & SE MARINE DR, VANCOUVER",49.211071,-123.074013,2022,11,19,last_year,roundit-historical-v1
6f26c07f-f9c0-5ae0-a37b-94ce9ec7082e,"MACDONALD ST & W 4TH AVE, VANCOUVER",49.26838,-123.168279,2022,41,33,last_year,roundit-historical-v1
6f6b5edc-93b5-5dc8-be2e-d38bde8ab0e7,"MACDONALD ST & W BROADWAY, VANCOUVER",49.26408,-123.16816,2022,45,37,last_year,roundit-historical-v1
6f8a52e4-a379-5aa2-8f7c-541f58ba0a6d,"HAMILTON ST & W GEORGIA ST, VANCOUVER",49.279937,-123.114255,2022,6,13,last_year,roundit-historical-v1
6faf6d9d-a53a-58e5-92d8-93cb5e4a141c,"BUTE ST & DAVIE ST, VANCOUVER",49.281806,-123.133352,2022,7,24,last_year,roundit-historical-v1
6fc26740-36ec-56e7-ae7b-3c97e13a6dab,"CULLODEN ST & E 49TH AVE, VANCOUVER",49.225305,-123.078683,2022,5,2,last_year,roundit-historical-v1
6fe7b4a4-c89d-5aff-b886-fbd5ad41e0f9,"THURLOW ST & W PENDER ST, VANCOUVER",49.287491,-123.120435,2022,9,15,last_year,roundit-historical-v1
6ff17476-9cb1-555a-8ccc-a128d1dec09a,"E 27TH AVE & KNIGHT ST, VANCOUVER",49.246437,-123.076236,2022,2,3,last_year,roundit-historical-v1
7019f355-a0a5-5047-9143-e868648c6f6a,"DUNDAS ST & GARDEN DR, VANCOUVER",49.284791,-123.057767,2022,3,5,last_year,roundit-historical-v1
702ee2c4-f645-5a70-90db-63ae34497c9d,"E 3RD AVE & RENFREW ST, VANCOUVER",49.267595,-123.044263,2022,5,2,last_year,roundit-historical-v1
7058b1af-1276-564a-8767-0a98e6785d2e,"VINE ST & W 8TH AVE, VANCOUVER",49.264814,-123.157634,2022,1,1,last_year,roundit-historical-v1
70674577-fa56-511a-953d-b2bfd86d0e6e,"CAMBIE ST & W 27TH AVE, VANCOUVER",49.247029,-123.115486,2022,6,7,last_year,roundit-historical-v1
70859f6f-4624-59e2-8261-384ab704635b,"FIR ST & W 7TH AVE, VANCOUVER",49.26538,-123.140927,2022,3,3,last_year,roundit-historical-v1
70c40712-e595-5fde-9a5d-42ce4eaf61d5,"E 41ST AVE & RUPERT ST, VANCOUVER",49.232945,-123.043089,2022,48,86,last_year,roundit-historical-v1
70c5e761-0191-564f-879e-13739c6d5078,"KINGSWAY & SIDNEY ST, VANCOUVER",49.244501,-123.063765,2022,9,9,last_year,roundit-historical-v1
71023b75-7c6d-56ea-8aba-a423f80e7b74,"PRINCE EDWARD ST & SE MARINE DR, VANCOUVER",49.210855,-123.098155,2022,15,23,last_year,roundit-historical-v1
711c501e-2cf1-50b2-8e47-9493b03b6625,"DUNDAS ST & LAKEWOOD DR, VANCOUVER",49.284799,-123.061616,2022,10,10,last_year,roundit-historical-v1
71284c32-c137-5304-9d7a-373588bb7383,"E 14TH AVE & WATSON ST, VANCOUVER",49.25839,-123.100552,2022,2,1,last_year,roundit-historical-v1
7129437a-1b2b-5a2d-8946-b89bf6214841,"BEACH AVE & THURLOW ST, VANCOUVER",49.277593,-123.135424,2022,4,2,last_year,roundit-historical-v1
715df5c2-5790-522f-be68-1b6eb91d21ab,"OAK ST & PARK DR, VANCOUVER",49.214459,-123.130023,2022,43,63,last_year,roundit-historical-v1
723286bc-d79e-5332-b647-8734c7f449e6,"HIGHBURY ST & W 16TH AVE, VANCOUVER",49.257956,-123.188007,2022,8,13,last_year,roundit-historical-v1
72470584-860d-53c4-b354-026a09278191,"BURRARD ST & SMITHE ST, VANCOUVER",49.282225,-123.124422,2022,27,32,last_year,roundit-historical-v1
72851019-295c-53b2-921c-4607e52af8a5,"MAINLAND ST & SMITHE ST, VANCOUVER",49.277772,-123.117489,2022,10,7,last_year,roundit-historical-v1
72ee6f5d-6d12-551c-b340-b075b043942f,"BUTE ST & PACIFIC ST, VANCOUVER",49.279659,-123.13657,2022,4,8,last_year,roundit-historical-v1
72f67080-2857-57ee-ac84-d6bdb7787b5d,"E 37TH AVE & MAIN ST, VANCOUVER",49.23726,-123.101631,2022,9,2,last_year,roundit-historical-v1
73107eb7-cfca-5f79-ab60-2e8988629b88,"ONTARIO ST & W 10TH AVE, VANCOUVER",49.262072,-123.104917,2022,3,3,last_year,roundit-historical-v1
7311eee1-c067-5915-a17d-d6acf7ea68e2,"GRANVILLE ST & W 38TH AVE, VANCOUVER",49.237121,-123.13951,2022,4,5,last_year,roundit-historical-v1
731450cc-805f-5342-87bf-095ccd44195d,"VINE ST & W 4TH AVE, VANCOUVER",49.268186,-123.157502,2022,36,49,last_year,roundit-historical-v1
7319590d-33b8-5539-a0e9-3daa2d2dcd5c,"HUDSON ST & W 73RD AVE, VANCOUVER",49.204296,-123.134747,2022,5,6,last_year,roundit-historical-v1
73664886-5152-58ce-92c8-f8c880597b9b,"CROMPTON ST & SE MARINE DR, VANCOUVER",49.211105,-123.080694,2022,5,9,last_year,roundit-historical-v1
7375083f-8f1b-5bf3-acb5-6e690004da99,"GRANVILLE ST & W 60TH AVE, VANCOUVER",49.21681,-123.140244,2022,2,4,last_year,roundit-historical-v1
738bed57-bbd1-57dc-b58d-bef4d3a5418e,"CLARENDON ST & KINGSWAY, VANCOUVER",49.240239,-123.054535,2022,5,5,last_year,roundit-historical-v1
73958aa0-b16c-57c4-8b7a-3329ddc54c11,"CARDERO ST & W PENDER ST, VANCOUVER",49.290575,-123.130597,2022,1,3,last_year,roundit-historical-v1
73c0948c-ffaf-580d-a8f8-008194d5184d,"BAYSWATER ST & W 3RD AVE, VANCOUVER",49.269292,-123.171051,2022,2,1,last_year,roundit-historical-v1
73d9e04c-2366-504a-8136-836a8e71e02e,"CORNWALL AVE & YEW ST, VANCOUVER",49.272584,-123.154979,2022,8,6,last_year,roundit-historical-v1
73da0fec-ccf3-54b4-beed-c025b22babcb,"ARBUTUS ST & W 2ND AVE, VANCOUVER",49.269901,-123.152702,2022,2,6,last_year,roundit-historical-v1
73da357d-29b4-5787-be6a-aefa6d1558ba,"SPRUCE ST & W 7TH AVE, VANCOUVER",49.265194,-123.128943,2022,8,1,last_year,roundit-historical-v1
73dc420f-1523-5a78-968a-ac72fdc73eed,"STATION ST & TERMINAL AVE, VANCOUVER",49.272575,-123.098621,2022,20,19,last_year,roundit-historical-v1
73e7d9ac-ac16-5814-8670-61528ce933eb,"E HASTINGS ST & PRINCESS AVE, VANCOUVER",49.281196,-123.091467,2022,13,16,last_year,roundit-historical-v1
742d2467-aabb-51b5-80c2-a45f1bf68e67,"E 16TH AVE & PRINCE EDWARD ST, VANCOUVER",49.256515,-123.096477,2022,7,7,last_year,roundit-historical-v1
745ad80e-5139-52eb-83b5-fc77334a3cc6,"E HASTINGS ST & HWY 1, VANCOUVER",49.281193,-123.031483,2022,38,40,last_year,roundit-historical-v1
74738161-781b-588a-be02-b74d98ecf0aa,"HOWE ST & SMITHE ST, VANCOUVER",49.280985,-123.122436,2022,32,38,last_year,roundit-historical-v1
748c6d19-ed67-50ef-b88a-fa474455a88b,"W 4TH AVE & YEW ST, VANCOUVER",49.268152,-123.155141,2022,20,22,last_year,roundit-historical-v1
749d6035-ae2c-5a31-87a2-0912bc408193,"HOMER ST & ROBSON ST, VANCOUVER",49.279473,-123.116882,2022,15,11,last_year,roundit-historical-v1
74b06ac2-ca8a-51c3-bd58-505beec82cb6,"E 51ST AVE & MAIN ST, VANCOUVER",49.223744,-123.101679,2022,13,6,last_year,roundit-historical-v1
74b731b1-50d9-5bcb-8833-c27c4e28b7b6,"E 49TH AVE & WINDSOR ST, VANCOUVER",49.225396,-123.085248,2022,7,6,last_year,roundit-historical-v1
74eb31f5-29f9-5e19-8cfe-f05374f31681,"EXPO BLVD & PAT QUINN WAY, VANCOUVER",49.278645,-123.107641,2022,1,4,last_year,roundit-historical-v1
751df78e-ce7e-5c17-b8ba-578711d795fe,"W 29TH AVE & YUKON ST, VANCOUVER",49.245104,-123.112364,2022,2,2,last_year,roundit-historical-v1
753efd92-3001-5afa-aa94-4c31a3983fb9,"HEATHER ST & W 10TH AVE, VANCOUVER",49.262334,-123.119922,2022,9,6,last_year,roundit-historical-v1
75631aee-3b77-5a56-82e4-0850d4875e71,"HEATHER ST & W 33RD AVE, VANCOUVER",49.241168,-123.120634,2022,7,2,last_year,roundit-historical-v1
7587bf11-476e-511c-84d7-f187c513e26b,"OAK ST & W KING EDWARD AVE, VANCOUVER",49.249237,-123.127511,2022,57,63,last_year,roundit-historical-v1
758ffd3b-7d02-5251-8f13-2c9fccf8e511,"COLUMBIA ST & W 1ST AVE, VANCOUVER",49.270302,-123.109404,2022,2,4,last_year,roundit-historical-v1
75cb2c0a-c3cc-5e7e-bd09-c1d6111d73b2,"MACKENZIE ST & W 33RD AVE, VANCOUVER",49.242335,-123.170218,2022,9,13,last_year,roundit-historical-v1
75ff75a7-a032-5fa0-a1d9-d5b097ef5189,"VICTORIA DR & WILLIAM ST, VANCOUVER",49.273841,-123.065675,2022,5,1,last_year,roundit-historical-v1
75ffce7c-6c31-5f85-9d12-4ab0e498490d,"DENMAN ST & HARO ST, VANCOUVER",49.290777,-123.136527,2022,5,7,last_year,roundit-historical-v1
76379a04-1066-5fce-806b-78e09d06a525,"E 31ST AVE & KNIGHT ST, VANCOUVER",49.243057,-123.07636,2022,4,3,last_year,roundit-historical-v1
76558aa9-1fd3-5ed7-8e6d-f06b5402e03e,"COMMERCIAL DR & KITCHENER ST, VANCOUVER",49.272138,-123.069607,2022,8,12,last_year,roundit-historical-v1
7679b78e-bb23-5cc1-84b2-8c123e04559c,"BURNABY ST & JERVIS ST, VANCOUVER",49.282112,-123.13601,2022,4,1,last_year,roundit-historical-v1
7686e227-0f79-55b3-868a-044261acf1cd,"E 40TH AVE & SOPHIA ST, VANCOUVER",49.234489,-123.099473,2022,1,1,last_year,roundit-historical-v1
76914f36-08ff-5658-92ad-678ae4296a74,"W 8TH AVE & W BROADWAY, VANCOUVER",49.265095,-123.193414,2022,1,2,last_year,roundit-historical-v1
76a87002-00cf-5cf2-8a28-625023948dcd,"HEATHER ST & W 70TH AVE, VANCOUVER",49.208373,-123.124218,2022,2,3,last_year,roundit-historical-v1
76bef725-e2c7-5caf-b617-26cbfad54d9d,"GRANVILLE ST & W 33RD AVE, VANCOUVER",49.241887,-123.139312,2022,51,53,last_year,roundit-historical-v1
76d31704-e439-5085-976b-7069b1bd511e,"STAINSBURY AVE & VICTORIA DR, VANCOUVER",49.251416,-123.065042,2022,2,2,last_year,roundit-historical-v1
76eb7b32-7b2f-5e9d-87a9-7b8f379d1f9a,"GLEN DR & TERMINAL AVE, VANCOUVER",49.269879,-123.081408,2022,4,1,last_year,roundit-historical-v1
77111ddc-98a8-5bbd-b4ec-3a2f152c2f2d,"LAUREL ST & W 14TH AVE, VANCOUVER",49.25868,-123.124357,2022,5,6,last_year,roundit-historical-v1
77353663-3261-59fe-ba8f-e895a89fefeb,"FIR ST & W 13TH AVE, VANCOUVER",49.259853,-123.141183,2022,4,2,last_year,roundit-historical-v1
774661b6-2e07-56a6-9f26-5134057369b4,"CAMBIE ST & SW MARINE DR, VANCOUVER",49.210132,-123.117149,2022,69,77,last_year,roundit-historical-v1
77e8d4c1-6aa7-54c7-965c-c4384e6e2186,"EAST BOULEVARD & W 41ST AVE, VANCOUVER",49.234578,-123.154989,2022,33,29,last_year,roundit-historical-v1
77ef0376-c911-58fb-a3ac-d14e03234e2f,"HUDSON ST & W 71ST AVE, VANCOUVER",49.206976,-123.134664,2022,6,2,last_year,roundit-historical-v1
78491986-19b2-5d29-9d11-731f9a3810f9,"CAMBIE ST & W 49TH AVE, VANCOUVER",49.226076,-123.116515,2022,41,58,last_year,roundit-historical-v1
78920c96-3d16-519d-b93b-e6325b0fc33e,"E 27TH AVE & NOOTKA ST, VANCOUVER",49.246232,-123.041623,2022,1,1,last_year,roundit-historical-v1
789558b7-47d1-5b1d-b501-e58f0421e70f,"NELSON ST & RICHARDS ST, VANCOUVER",49.277982,-123.121081,2022,8,19,last_year,roundit-historical-v1
78adee05-535f-595e-bae2-503ff94302ca,"E 65TH AVE & FRASER ST, VANCOUVER",49.211818,-123.091122,2022,3,5,last_year,roundit-historical-v1
78bd873f-89ed-5f08-be13-e2ce0758ef40,"KINGSWAY & STAMFORD ST, VANCOUVER",49.232403,-123.032496,2022,7,28,last_year,roundit-historical-v1
78c8d0b4-1160-5940-a3f9-302fb1396add,"GRANVILLE ST & W 58TH AVE, VANCOUVER",49.218444,-123.140181,2022,14,17,last_year,roundit-historical-v1
78f9bdb6-d19f-5e72-a9b0-a33177ac3ef0,"MARINE WAY & SE MARINE DR, VANCOUVER",49.207883,-123.038868,2022,14,24,last_year,roundit-historical-v1
78fdcae8-5d09-5836-bf9a-2e52b2678e0f,"VINE ST & W 3RD AVE, VANCOUVER",49.269092,-123.157474,2022,7,2,last_year,roundit-historical-v1
79123d4e-504c-5a0e-98b1-df093098ec7a,"E 8TH AVE & KINGSWAY, VANCOUVER",49.263683,-123.100121,2022,2,4,last_year,roundit-historical-v1
796c2376-703f-5288-828f-cd13ee536d56,"BROUGHTON ST & W HASTINGS ST, VANCOUVER",49.28999,-123.126792,2022,2,6,last_year,roundit-historical-v1
7978d48b-4922-5525-8785-d59ce5877129,"DENMAN ST & MORTON AVE, VANCOUVER",49.287572,-123.141361,2022,4,2,last_year,roundit-historical-v1
79dec7ab-dc59-5ab2-b688-b1ea0ce606cf,"W 2ND AVE & YUKON ST, VANCOUVER",49.267587,-123.112702,2022,10,6,last_year,roundit-historical-v1
79ed0e2a-4c4d-5b2c-91cc-3ea84a33ca39,"HOMER ST & SMITHE ST, VANCOUVER",49.278437,-123.118448,2022,23,19,last_year,roundit-historical-v1
79fa3b2d-f1f7-5203-9d74-f6e6575a5c30,"HELMCKEN ST & SEYMOUR ST, VANCOUVER",49.277531,-123.123614,2022,13,6,last_year,roundit-historical-v1
7a3c966b-b7e8-5087-9b6d-ed739512e36d,"NICOLA ST & W HASTINGS ST, VANCOUVER",49.290471,-123.128394,2022,1,6,last_year,roundit-historical-v1
7a439f3c-625c-52ad-9b99-7c5896e01b62,"W 38TH AVE & WEST BOULEVARD, VANCOUVER",49.237316,-123.155479,2022,4,2,last_year,roundit-historical-v1
7a4855c4-216b-5cfe-8439-374de5758d36,"E HASTINGS ST & VERNON DR, VANCOUVER",49.281115,-123.079159,2022,9,8,last_year,roundit-historical-v1
7ac30776-dafd-5b25-92de-f5fb6a961276,"E 7TH AVE & KINGSWAY, VANCOUVER",49.264471,-123.100924,2022,17,54,last_year,roundit-historical-v1
7ad55085-45fb-5e6b-b5a3-0c9143f1b83a,"E 57TH AVE & FRASER ST, VANCOUVER",49.218274,-123.090942,2022,18,30,last_year,roundit-historical-v1
7ae81f13-e1da-50f0-8e01-945a2498b456,"GASTON ST & VANNESS AVE, VANCOUVER",49.237362,-123.029934,2022,3,3,last_year,roundit-historical-v1
7afe5945-9084-534b-b780-449d89dbc8c5,"COMMERCIAL DR & E BROADWAY, VANCOUVER",49.262326,-123.069794,2022,90,90,last_year,roundit-historical-v1
7b389928-622a-5ab1-a7f5-f81175395845,"GRANVILLE ST & PARK DR, VANCOUVER",49.217369,-123.140216,2022,11,27,last_year,roundit-historical-v1
7b6942d0-3d92-5227-8839-3f5790353554,"E 36TH AVE & KNIGHT ST, VANCOUVER",49.237682,-123.076879,2022,2,3,last_year,roundit-historical-v1
7b870f92-686d-5582-b38d-35326f64202a,"E HASTINGS ST & MAIN ST, VANCOUVER",49.281347,-123.099687,2022,36,43,last_year,roundit-historical-v1
7b8ed24a-bfed-506f-ab9e-04ce9978b4dd,"E KENT AVE N & FRASER ST, VANCOUVER",49.208185,-123.091176,2022,8,7,last_year,roundit-historical-v1
7bb0217d-5c3c-5c18-86d1-748176efc7c1,"MANITOBA ST & W 1ST AVE, VANCOUVER",49.270239,-123.106638,2022,7,8,last_year,roundit-historical-v1
7bb13b9c-20a8-577e-b0c7-ccdee7a4584b,"E 2ND AVE & MAIN ST, VANCOUVER",49.269078,-123.100707,2022,51,69,last_year,roundit-historical-v1
7bc9f8fc-a53c-53c0-989a-d0b92be7a99b,"ADANAC ST & COMMERCIAL DR, VANCOUVER",49.27757,-123.070476,2022,5,2,last_year,roundit-historical-v1
7be4dd24-bba6-53a8-bdf0-2f5ed90b9847,"W 12TH AVE & YUKON ST, VANCOUVER",49.260384,-123.112987,2022,14,13,last_year,roundit-historical-v1
7c0c0a4d-c5fe-5781-a8e1-7da518165bc4,"E 19TH AVE & VICTORIA DR, VANCOUVER",49.254149,-123.066101,2022,7,3,last_year,roundit-historical-v1
7c11d065-4a04-51f2-aa18-f2f624389390,"KINGSWAY & ST GEORGE ST, VANCOUVER",49.257769,-123.09309,2022,9,5,last_year,roundit-historical-v1
7c25fb34-1e25-504e-b959-e8dda06caf3a,"ANGUS DR & W 57TH AVE, VANCOUVER",49.219452,-123.14825,2022,2,2,last_year,roundit-historical-v1
7c54c158-f981-5599-ad06-d760023876c0,"E 18TH AVE & KNIGHT ST, VANCOUVER",49.254405,-123.075956,2022,1,5,last_year,roundit-historical-v1
7c691ab1-53c3-52fe-961b-51ae0890bdd1,"GRANVILLE ST BRIDGE & PACIFIC ST OFFRAMP, VANCOUVER",49.275046,-123.129407,2022,1,2,last_year,roundit-historical-v1
7c7aece0-3397-5dae-a85c-ae394a4e00ed,"DUNLEVY AVE & POWELL ST, VANCOUVER",49.28311,-123.095329,2022,9,4,last_year,roundit-historical-v1
7ce41501-4b43-5bb7-ab7f-2438db156e72,"CAMBIE ST & W 48TH AVE, VANCOUVER",49.227002,-123.116335,2022,1,1,last_year,roundit-historical-v1
7d10a929-b4a7-5b50-9f49-076568402ded,"SW MARINE DR & W 70TH AVE, VANCOUVER",49.208266,-123.121586,2022,14,15,last_year,roundit-historical-v1
7d116853-7437-55a0-a54c-d38bd39b81eb,"OAK ST & W 58TH AVE, VANCOUVER",49.218185,-123.128809,2022,6,6,last_year,roundit-historical-v1
7d270db7-7aab-55e7-a5ec-e92c23cf2375,"RICHARDS ST & W GEORGIA ST, VANCOUVER",49.281213,-123.116191,2022,22,18,last_year,roundit-historical-v1
7d46d9da-2b1b-5f6e-a82d-a756c74cdd31,"SE MARINE DR & VICTORIA DR, VANCOUVER",49.209688,-123.066111,2022,44,34,last_year,roundit-historical-v1
7d4e41e9-1a5f-5f8c-976e-aae7170c8fce,"MANITOBA ST & W 10TH AVE, VANCOUVER",49.262105,-123.106872,2022,1,3,last_year,roundit-historical-v1
7d537d62-ef48-5e9c-a4f3-447869146d78,"E CORDOVA ST & GORE AVE, VANCOUVER",49.282252,-123.097592,2022,5,7,last_year,roundit-historical-v1
7d5c8426-4501-5105-8d44-b3b82aeaad56,"E BROADWAY & GLEN DR, VANCOUVER",49.262424,-123.08139,2022,4,13,last_year,roundit-historical-v1
7dcb0789-1cef-577b-b51a-b425a8ff251d,"COLUMBIA ST & W BROADWAY, VANCOUVER",49.263119,-123.109484,2022,13,8,last_year,roundit-historical-v1
7dd40e88-6c3a-525b-8c17-432d3c064e07,"COLUMBIA ST & W 8TH AVE, VANCOUVER",49.263849,-123.109477,2022,3,9,last_year,roundit-historical-v1
7df9a3ac-ee0f-571d-8313-7df4beb9209d,"HWY 99 & OAK ST OFFRAMP, VANCOUVER",49.204906,-123.129668,2022,6,4,last_year,roundit-historical-v1
7e244541-5ea3-5674-95d7-3ef3404554b9,"E 55TH AVE & KERR ST, VANCOUVER",49.219197,-123.041356,2022,1,3,last_year,roundit-historical-v1
7e60938c-fed2-55bb-8f67-91159cd5096e,"E 3RD AVE & VICTORIA DR, VANCOUVER",49.267759,-123.065803,2022,4,5,last_year,roundit-historical-v1
7e7f4a00-b124-5d9b-b720-73a353cd30aa,"E 1ST AVE & MCLEAN DR, VANCOUVER",49.269634,-123.075422,2022,19,21,last_year,roundit-historical-v1
7e8387f5-2a8a-5d65-a471-cddeb774f7ae,"POWELL ST & WOODLAND DR, VANCOUVER",49.283487,-123.072573,2022,5,6,last_year,roundit-historical-v1
7e91f842-f10c-5539-af05-02cac79c4530,"HOMER ST & W PENDER ST, VANCOUVER",49.282763,-123.111922,2022,8,4,last_year,roundit-historical-v1
7ea65bb3-3d0b-5d31-ae9b-5e083ec3214d,"E 46TH AVE & MAIN ST, VANCOUVER",49.228481,-123.101523,2022,4,5,last_year,roundit-historical-v1
7eeea819-b0fc-5ed3-8f76-fa392f512115,"E 64TH AVE & INVERNESS ST, VANCOUVER",49.211966,-123.079892,2022,2,2,last_year,roundit-historical-v1
7f0f4b4d-8250-579a-a995-af66cbe1acb9,"E 5TH AVE & RUPERT ST, VANCOUVER",49.265659,-123.033739,2022,2,3,last_year,roundit-historical-v1
7f3b8f0b-1266-50a4-8b4c-943d836043e2,"DUNSMUIR ST & HORNBY ST, VANCOUVER",49.284897,-123.118345,2022,6,10,last_year,roundit-historical-v1
7f4e9923-baac-506f-8141-7c518c9fdd72,"PACIFIC BLVD & PAT QUINN WAY, VANCOUVER",49.277132,-123.107677,2022,3,4,last_year,roundit-historical-v1
7f671f40-c254-5d0a-9502-668ddcbbf102,"CARRALL ST & EXPO BLVD, VANCOUVER",49.278046,-123.106155,2022,9,10,last_year,roundit-historical-v1
7f6aabd8-84a9-5062-a125-0ee0191b6817,"COMOX ST & DENMAN ST, VANCOUVER",49.288672,-123.139697,2022,11,9,last_year,roundit-historical-v1
7f769dcd-f6a1-5f7a-ad38-a49c2d22b73c,"E 64TH AVE & MAIN ST, VANCOUVER",49.21255,-123.102136,2022,7,8,last_year,roundit-historical-v1
7f8be913-3f34-5b03-8f31-23c7399dc9df,"LARCH ST & W 33RD AVE, VANCOUVER",49.242251,-123.162497,2022,5,4,last_year,roundit-historical-v1
7fd701e0-5470-5a8b-ae2a-ec34ceceb9fa,"RUPERT ST & SCHOOL AVE, VANCOUVER",49.235363,-123.042874,2022,4,2,last_year,roundit-historical-v1
800cb096-f273-592d-8539-afda82028684,"ALBERTA ST & W 41ST AVE, VANCOUVER",49.233488,-123.11345,2022,3,4,last_year,roundit-historical-v1
803d681d-9697-5682-b44c-0b9baaf9f713,"E 57TH AVE & ROSS ST, VANCOUVER",49.218198,-123.08306,2022,8,6,last_year,roundit-historical-v1
806b62ac-0ed8-5edc-b26c-bf07817bcedf,"EAST BOULEVARD & W 42ND AVE, VANCOUVER",49.233602,-123.155027,2022,3,5,last_year,roundit-historical-v1
8085553c-4118-5933-92a8-263af413caf0,"MACDONALD ST & W 25TH AVE, VANCOUVER",49.248127,-123.167857,2022,2,4,last_year,roundit-historical-v1
80f13c24-2932-5e79-821a-45bfaabcb437,"CLARK DR & STEWART ST, VANCOUVER",49.283966,-123.075796,2022,3,4,last_year,roundit-historical-v1
8130dfe3-7e82-5091-8563-56c7aa1c24b4,"E 41ST AVE & ROSS ST, VANCOUVER",49.232763,-123.082575,2022,10,8,last_year,roundit-historical-v1
814f1571-f9f2-5177-8e81-43b7892994d3,"OAK ST & W 11TH AVE, VANCOUVER",49.261529,-123.126679,2022,4,5,last_year,roundit-historical-v1
81ab9569-0fed-5105-bd88-d9a468bb3eef,"GRANVILLE ST & W 46TH AVE, VANCOUVER",49.229691,-123.139701,2022,3,3,last_year,roundit-historical-v1
81b135f3-57f5-5e34-8af6-05929963abc0,"ARGYLE ST & E KENT AVE N, VANCOUVER",49.208969,-123.071318,2022,2,3,last_year,roundit-historical-v1
81e7102b-9bc5-543e-a438-a89f30339a20,"COLUMBIA ST & W KING EDWARD AVE, VANCOUVER",49.248956,-123.11001,2022,6,5,last_year,roundit-historical-v1
81ebc545-9a46-5fa6-966e-147c557c3e7d,"BLANCA ST & W 4TH AVE, VANCOUVER",49.26911,-123.214998,2022,6,5,last_year,roundit-historical-v1
8228d5d7-0056-5e52-9aa2-4f286b43f161,"JOYCE ST & MONMOUTH AVE, VANCOUVER",49.240921,-123.029285,2022,2,2,last_year,roundit-historical-v1
8239bc5f-f850-5efe-99ac-2e369d61c87e,"KINGSWAY & LINCOLN ST, VANCOUVER",49.232185,-123.025931,2022,14,20,last_year,roundit-historical-v1
823a28f7-e947-54ab-815b-74290586d2b2,"E 27TH AVE & NANAIMO ST, VANCOUVER",49.246699,-123.056652,2022,3,2,last_year,roundit-historical-v1
82ba2861-a6f2-5850-898c-afadc6fe6edf,"E 15TH AVE & RUPERT ST, VANCOUVER",49.25641,-123.033792,2022,7,2,last_year,roundit-historical-v1
82c57050-46cc-535f-b7bb-1f3db9ddea45,"EXPO BLVD & SMITHE ST, VANCOUVER",49.275209,-123.114561,2022,6,20,last_year,roundit-historical-v1
82e01744-0534-51c4-9da1-6c88f1ba8e7b,"E 6TH AVE & MAIN ST, VANCOUVER",49.265503,-123.100769,2022,34,40,last_year,roundit-historical-v1
832e1217-8621-5418-9aa4-f99f6f04176b,"ARGYLE ST & E 57TH AVE, VANCOUVER",49.218092,-123.07202,2022,12,14,last_year,roundit-historical-v1
8331c2ae-fb10-5fc8-ad44-55999c4cedbd,"CAMBIE ST & W 37TH AVE, VANCOUVER",49.237264,-123.116045,2022,4,11,last_year,roundit-historical-v1
8366314c-4253-5c2f-ab0c-816a27eef455,"ASH ST & W 2ND AVE, VANCOUVER",49.265893,-123.117416,2022,3,8,last_year,roundit-historical-v1
83a120b4-a167-51f8-9bdb-cd0c19773543,"CAMBIE ST & W 38TH AVE, VANCOUVER",49.236296,-123.115959,2022,4,3,last_year,roundit-historical-v1
83b91b8e-f0cb-536d-b464-e140691a58c1,"JERVIS ST & ROBSON ST, VANCOUVER",49.287001,-123.128536,2022,12,11,last_year,roundit-historical-v1
83c470b2-bb51-5f57-beff-d1cc95feee4d,"EAST BOULEVARD & W 49TH AVE, VANCOUVER",49.227151,-123.154514,2022,8,5,last_year,roundit-historical-v1
83c6c14f-aa70-5e0e-8247-82b76c92bec5,"E 38TH AVE & NANAIMO ST, VANCOUVER",49.235884,-123.058781,2022,3,3,last_year,roundit-historical-v1
83c929ff-48be-58c8-a769-bcf2358ab80e,"ALBERTA ST & W 4TH AVE, VANCOUVER",49.267471,-123.11078,2022,3,4,last_year,roundit-historical-v1
8417539a-becf-58ec-8e79-1a78ae4bbf78,"MANITOBA ST & W 41ST AVE, VANCOUVER",49.233249,-123.108135,2022,7,5,last_year,roundit-historical-v1
842eabe3-4c0e-52da-a50e-d027ceeef999,"E 44TH AVE & VICTORIA DR, VANCOUVER",49.23044,-123.065567,2022,6,7,last_year,roundit-historical-v1
8434cc61-60d5-5476-baf1-d9ef9e37d5cf,"E PENDER ST & GORE AVE, VANCOUVER",49.280335,-123.097304,2022,15,11,last_year,roundit-historical-v1
845a5be3-f080-50cc-8922-bad99648c286,"E 40TH AVE & VICTORIA DR, VANCOUVER",49.23392,-123.065468,2022,13,11,last_year,roundit-historical-v1
84731d3f-4a7d-5627-ad74-075dae113565,"COTTON DR & WILLIAM ST, VANCOUVER",49.273964,-123.071492,2022,3,1,last_year,roundit-historical-v1
84828923-f88e-5c45-b7a7-d115dad26e81,"E 12TH AVE & RENFREW ST, VANCOUVER",49.259213,-123.044381,2022,15,8,last_year,roundit-historical-v1
849e2b1e-6957-5146-a2fb-fb84e2616f2c,"COMMERCIAL DR & GRANDVIEW HWY N, VANCOUVER",49.263743,-123.069767,2022,1,3,last_year,roundit-historical-v1
84b012b7-c2a9-5294-a90b-8cd162f5d535,"E KENT AVE N & JELLICOE ST, VANCOUVER",49.206475,-123.047696,2022,1,1,last_year,roundit-historical-v1
84bf5d87-f793-5d37-b786-99ba8f1272c3,"TRAFALGAR ST & W 16TH AVE, VANCOUVER",49.257582,-123.164926,2022,14,8,last_year,roundit-historical-v1
84f54035-95dc-5fa9-96df-dd7d5f68331a,"E 29TH AVE & JOYCE ST, VANCOUVER",49.244355,-123.025893,2022,10,18,last_year,roundit-historical-v1
8532b238-41eb-51dc-b4c9-7b7cf49ec901,"E BROADWAY & SCOTIA ST, VANCOUVER",49.262852,-123.098984,2022,2,4,last_year,roundit-historical-v1
85517cbe-d8dc-5678-9629-5ca96d2074d8,"CLARK DR & E GEORGIA ST, VANCOUVER",49.278555,-123.077227,2022,6,4,last_year,roundit-historical-v1
858555e4-20c3-593d-bc49-1898e3b3ab9f,"ANDERSON ST & W 3RD AVE, VANCOUVER",49.268775,-123.138191,2022,2,5,last_year,roundit-historical-v1
85874486-2f8d-5d1d-9c75-95407ee9659a,"W 10TH AVE & WILLOW ST, VANCOUVER",49.262359,-123.121734,2022,7,10,last_year,roundit-historical-v1
85a73c6c-2cd3-5031-9d0a-724ff9715b02,"W 2ND AVE & YEW ST, VANCOUVER",49.269938,-123.155074,2022,3,2,last_year,roundit-historical-v1
85b9f501-4377-529b-be66-f9ff2f1babf6,"CAMBIE ST & W 50TH AVE, VANCOUVER",49.225191,-123.116563,2022,3,2,last_year,roundit-historical-v1
85bc9be0-2749-57e8-be74-7ad36d8a5fb2,"HEMLOCK ST & W 6TH AVE, VANCOUVER",49.266148,-123.136062,2022,6,9,last_year,roundit-historical-v1
85d7569a-8b8c-57ac-a6f8-056dab50eeba,"OAK ST & W 33RD AVE, VANCOUVER",49.241437,-123.127824,2022,68,48,last_year,roundit-historical-v1
85de9b69-0a1d-5845-91b4-944d8d753bc3,"OAK ST & W 71ST AVE, VANCOUVER",49.206913,-123.130318,2022,7,13,last_year,roundit-historical-v1
8603474d-66a2-56d1-9db6-801eaf7d03fa,"MAPLE ST & W 45TH AVE, VANCOUVER",49.230813,-123.152185,2022,2,3,last_year,roundit-historical-v1
86238b91-5286-5413-8bec-bd6970fbbf25,"E 12TH AVE & VICTORIA DR, VANCOUVER",49.25954,-123.065949,2022,36,47,last_year,roundit-historical-v1
8626d59a-e83c-5f03-adfb-8c150b16084b,"GRANVILLE BRIDGE & HOWE ST ONRAMP, VANCOUVER",49.275046,-123.129407,2022,2,3,last_year,roundit-historical-v1
8628476e-118b-5dee-8218-3415a00625b3,"BURRARD ST & NELSON ST, VANCOUVER",49.281194,-123.126037,2022,37,48,last_year,roundit-historical-v1
864ea6fa-16d7-51c4-bf54-09b60c98f9ad,"E 10TH AVE & NANAIMO ST, VANCOUVER",49.261135,-123.056584,2022,3,4,last_year,roundit-historical-v1
8665ed6c-c2b4-5450-a367-5049a80f9f12,"W 3RD AVE & YEW ST, VANCOUVER",49.269057,-123.155106,2022,1,1,last_year,roundit-historical-v1
86954a54-b7af-514b-98d5-9095d0ecb1d4,"ASH ST & W KING EDWARD AVE, VANCOUVER",49.249035,-123.118414,2022,6,5,last_year,roundit-historical-v1
86ebbc9d-d349-5150-87a1-be2e057644e3,"BALACLAVA ST & SW MARINE DR, VANCOUVER",49.22908,-123.175831,2022,10,8,last_year,roundit-historical-v1
872b02bb-9899-5762-87c4-b33fb04c7dbc,"E 12TH AVE & ONTARIO ST, VANCOUVER",49.260247,-123.105031,2022,9,4,last_year,roundit-historical-v1
874ff338-83b1-523e-9186-1e2d3ef775f3,"CAMBIE ST & W 39TH AVE, VANCOUVER",49.235391,-123.116149,2022,15,19,last_year,roundit-historical-v1
8763c02d-a91d-590b-bee5-2c6910d59d4c,"CLARK DR & NAPIER ST, VANCOUVER",49.274941,-123.077297,2022,7,5,last_year,roundit-historical-v1
87949bc7-0541-58e1-8434-0a110d6d5a94,"ALDER ST & W BROADWAY, VANCOUVER",49.263484,-123.131367,2022,5,7,last_year,roundit-historical-v1
87995785-8d8c-5295-ae1e-919ff5de5863,"E 49TH AVE & FRONTENAC ST, VANCOUVER",49.222245,-123.026152,2022,4,2,last_year,roundit-historical-v1
87aeb3ab-9f9b-5726-a1a2-ac05e310e6db,"DUNBAR ST & W 17TH AVE, VANCOUVER",49.257356,-123.185126,2022,6,8,last_year,roundit-historical-v1
87d8ed38-f79c-53a7-8ecb-f7d7b86ffd0c,"E 41ST AVE & MAIN ST, VANCOUVER",49.23306,-123.101517,2022,56,58,last_year,roundit-historical-v1
87df4750-5620-5f72-a70c-078b0adc5947,"ROBSON ST & SEYMOUR ST, VANCOUVER",49.280722,-123.118797,2022,23,36,last_year,roundit-historical-v1
8816aa06-9cc4-5dd2-8075-45bf209abf74,"W 1ST AVE & YEW ST, VANCOUVER",49.270821,-123.155043,2022,8,4,last_year,roundit-historical-v1
887aa0a9-7635-518d-8da6-0faa9bebb494,"E 10TH AVE & WINDSOR ST, VANCOUVER",49.261455,-123.08333,2022,3,2,last_year,roundit-historical-v1
88e9f4c0-6f01-592f-9aa1-5d9920439fe0,"E 54TH AVE & KNIGHT ST, VANCOUVER",49.220425,-123.077517,2022,16,12,last_year,roundit-historical-v1
88ee2895-9735-5dd8-a12c-69db92c93668,"E 41ST AVE & FRASER ST, VANCOUVER",49.232869,-123.09055,2022,55,80,last_year,roundit-historical-v1
8928dfcd-7080-586f-ab1d-738025b90c25,"BRAKENRIDGE ST & W KING EDWARD AVE, VANCOUVER",49.248551,-123.162429,2022,1,1,last_year,roundit-historical-v1
8971242a-7b61-5fe0-a9d4-51fbe836ac1e,"E 12TH AVE & WINDSOR ST, VANCOUVER",49.259692,-123.08335,2022,6,16,last_year,roundit-historical-v1
89ace3de-a79f-53e4-baf8-935589d2c88c,"E 11TH AVE & KINGSWAY, VANCOUVER",49.261071,-123.097763,2022,15,10,last_year,roundit-historical-v1
89b0faa2-b4d9-53c4-821b-44364ff80d0f,"CAMBIE ST & W 20TH AVE, VANCOUVER",49.253006,-123.115245,2022,6,9,last_year,roundit-historical-v1
89bcc3ee-45a5-5a02-8681-65ee7c52d0eb,"PARKER ST & VERNON DR, VANCOUVER",49.275884,-123.07863,2022,3,1,last_year,roundit-historical-v1
89c8c253-6555-5134-9208-f2171f4e7a95,"STEPHENS ST & W 4TH AVE, VANCOUVER",49.268353,-123.166346,2022,5,5,last_year,roundit-historical-v1
89e4a83e-ecf3-53b9-9269-a287f1e83023,"BLENHEIM ST & W 37TH AVE, VANCOUVER",49.238564,-123.178659,2022,4,2,last_year,roundit-historical-v1
8a16d4d1-37d9-570b-8602-4c580db37b44,"E 23RD AVE & PRINCE EDWARD ST, VANCOUVER",49.2502,-123.09671,2022,1,1,last_year,roundit-historical-v1
8a3cc316-7527-5fe2-b8a9-d3d9d1c7e630,"SW MARINE DR & W 73RD AVE, VANCOUVER",49.204349,-123.131605,2022,1,1,last_year,roundit-historical-v1
8a3fe755-c24a-51a6-8bdf-0a463b444114,"DAVIE ST & HOMER ST, VANCOUVER",49.275246,-123.123273,2022,14,11,last_year,roundit-historical-v1
8a509040-3117-511a-97cd-7fb5391e3140,"LARCH ST & W 4TH AVE, VANCOUVER",49.268285,-123.162256,2022,6,4,last_year,roundit-historical-v1
8a6b5837-7971-5a5c-93c2-73e71dd90d76,"DUNSMUIR ST & SEYMOUR ST, VANCOUVER",49.282984,-123.115396,2022,20,21,last_year,roundit-historical-v1
8abf8929-eebc-5d00-8e45-e993b159ef61,"SELKIRK ST & W 71ST AVE, VANCOUVER",49.206965,-123.133331,2022,4,1,last_year,roundit-historical-v1
8ada16ae-ca87-5af0-9972-5899e3122422,"MANITOBA ST & W BROADWAY, VANCOUVER",49.263048,-123.106831,2022,11,12,last_year,roundit-historical-v1
8add2262-a0a9-54b4-bba5-31be0a63c0fd,"E 22ND AVE & QUEBEC ST, VANCOUVER",49.250972,-123.102906,2022,1,2,last_year,roundit-historical-v1
8b21f6f3-19d6-58e7-b5b1-4d013693f68d,"ALBERTA ST & W 12TH AVE, VANCOUVER",49.260362,-123.111036,2022,5,26,last_year,roundit-historical-v1
8b263d1b-b685-5261-ab8f-2f5f68e25a2d,"BLENHEIM ST & W 10TH AVE, VANCOUVER",49.26336,-123.177838,2022,6,8,last_year,roundit-historical-v1
8b34b8c7-4b61-5d6e-b0ea-20f8a704ca1c,"E 47TH AVE & PRINCE ALBERT ST, VANCOUVER",49.227341,-123.08796,2022,3,2,last_year,roundit-historical-v1
8b397a2c-548a-553d-98f9-9de91030accc,"E 54TH AVE & GLADSTONE ST, VANCOUVER",49.22022,-123.062633,2022,4,3,last_year,roundit-historical-v1
8b869114-40c2-5013-831f-7e4a2024abf0,"JERVIS ST & W CORDOVA ST, VANCOUVER",49.290075,-123.123917,2022,1,3,last_year,roundit-historical-v1
8b94493c-ae1f-5e54-912e-60e3bdbe4f17,"E 11TH AVE & SOPHIA ST, VANCOUVER",49.261078,-123.098275,2022,1,1,last_year,roundit-historical-v1
8b9e6eb3-5a19-54fd-b167-b5c5a312d4ac,"HAMILTON ST & SMITHE ST, VANCOUVER",49.277772,-123.117489,2022,5,2,last_year,roundit-historical-v1
8bb32567-0d00-5e03-826d-c4ccc00aeb1f,"W 15TH AVE & WOLFE AVE, VANCOUVER",49.257788,-123.133611,2022,3,2,last_year,roundit-historical-v1
8bc5eb9a-8d12-5426-b4f0-f684d2812fc8,"E HASTINGS ST & PENTICTON ST, VANCOUVER",49.281162,-123.051974,2022,23,25,last_year,roundit-historical-v1
8bfc4c28-5192-517a-8054-544bdfd5ef2d,"E 42ND AVE & MAIN ST, VANCOUVER",49.231708,-123.101446,2022,1,3,last_year,roundit-historical-v1
8c00dade-e2a4-55e5-8205-648ae85939c2,"ASH ST & W 45TH AVE, VANCOUVER",49.229871,-123.117972,2022,2,3,last_year,roundit-historical-v1
8c19556e-5c1e-5e6e-bb6d-8091b6c418e7,"CORNWALL AVE & CYPRESS ST, VANCOUVER",49.272475,-123.147806,2022,20,18,last_year,roundit-historical-v1
8cabcb7d-3a74-5fe5-9659-8ac1e9611bed,"NANTON AVE & OAK ST, VANCOUVER",49.246306,-123.127662,2022,3,3,last_year,roundit-historical-v1
8caf0905-a6da-5ad5-9c94-164a98c6e64a,"E 63RD AVE & FRASER ST, VANCOUVER",49.213023,-123.091102,2022,13,9,last_year,roundit-historical-v1
8cbc9a27-4c88-5318-8a80-d2bd18d66ef4,"ARGYLE ST & E 63RD AVE, VANCOUVER",49.212866,-123.072041,2022,1,2,last_year,roundit-historical-v1
8d1a0acc-d39a-5c97-bdf1-67932753fd88,"COMMERCIAL DR & GRAVELEY ST, VANCOUVER",49.270499,-123.069649,2022,8,12,last_year,roundit-historical-v1
8d5b1302-8483-5b10-964b-dbbae27cce76,"E 32ND AVE & KNIGHT ST, VANCOUVER",49.241679,-123.07633,2022,3,1,last_year,roundit-historical-v1
8d93aa2c-5709-51b1-a09a-3e0859126c55,"ARGYLE ST & E 49TH AVE, VANCOUVER",49.225219,-123.071761,2022,5,9,last_year,roundit-historical-v1
8d9f65d1-cf27-5a8f-b241-e8d8a043f44c,"BLENHEIM ST & W KING EDWARD AVE, VANCOUVER",49.250036,-123.178634,2022,7,9,last_year,roundit-historical-v1
8da828f4-9c6d-5945-bd51-cec6573b5e41,"GLENDALOUGH PL & SW MARINE DR, VANCOUVER",49.23015,-123.180333,2022,1,2,last_year,roundit-historical-v1
8dd4ee68-d7be-55cf-9fce-855a61297f1c,"E KING EDWARD AVE & QUEBEC ST, VANCOUVER",49.248805,-123.103194,2022,3,3,last_year,roundit-historical-v1
8dda3d5b-5104-5b62-80d7-30950eb3feff,"ASH ST & W 49TH AVE, VANCOUVER",49.226132,-123.118119,2022,1,3,last_year,roundit-historical-v1
8de06a0d-f42a-56e7-b983-0669b9fd3ab7,"E 23RD AVE & MAIN ST, VANCOUVER",49.250251,-123.101012,2022,8,7,last_year,roundit-historical-v1
8df80d49-7018-5f82-ab97-7b2d5fec98d4,"OAK ST & W 22ND AVE, VANCOUVER",49.251719,-123.127448,2022,6,6,last_year,roundit-historical-v1
8dfbde62-8510-52d0-98f6-82068b12e387,"MARGUERITE ST & W 49TH AVE, VANCOUVER",49.227028,-123.144984,2022,3,1,last_year,roundit-historical-v1
8e0e8e55-cee9-5304-b562-1cd5d376a39e,"W 40TH AVE & WEST BOULEVARD, VANCOUVER",49.235567,-123.15554,2022,4,4,last_year,roundit-historical-v1
8e2d5469-af50-583c-8eb6-3080d5c8b1c6,"CAMBIE ST & W 12TH AVE, VANCOUVER",49.260396,-123.114989,2022,82,80,last_year,roundit-historical-v1
8e40c254-8585-52a8-92aa-d87b94a7e911,"ARBUTUS ST & W 57TH AVE, VANCOUVER",49.219571,-123.154515,2022,1,2,last_year,roundit-historical-v1
8e4ddf22-51fd-54d3-b3b4-b8f3b971dd28,"CARNARVON ST & W 41ST AVE, VANCOUVER",49.234734,-123.173066,2022,7,4,last_year,roundit-historical-v1
8e663f5c-fac4-571e-92e5-23902f19fab1,"E 47TH AVE & VICTORIA DR, VANCOUVER",49.227639,-123.065659,2022,16,14,last_year,roundit-historical-v1
8e686a07-0c9b-5251-9302-50ab33a8afdf,"CYPRESS ST & W 1ST AVE, VANCOUVER",49.270704,-123.147876,2022,8,8,last_year,roundit-historical-v1
8e9ad788-3491-569d-8a0a-4e3a2de208e4,"COMOX ST & NICOLA ST, VANCOUVER",49.285856,-123.135376,2022,1,2,last_year,roundit-historical-v1
8e9f61ff-83cb-5b5e-a8f0-ac4858340b82,"E 45TH AVE & KNIGHT ST, VANCOUVER",49.229006,-123.077137,2022,11,12,last_year,roundit-historical-v1
8ea6bd13-9fcf-5dae-8524-608e0e9b3b97,"GRANVILLE ST & W CORDOVA ST, VANCOUVER",49.285966,-123.112856,2022,1,9,last_year,roundit-historical-v1
8ebc616a-acac-542c-bb33-0a4534037fbd,"ASH ST & SW MARINE DR, VANCOUVER",49.209373,-123.118961,2022,14,32,last_year,roundit-historical-v1
8edf141f-345e-59a6-a933-93c2bb87cdbf,"MACDONALD ST & POINT GREY RD, VANCOUVER",49.271454,-123.168167,2022,3,3,last_year,roundit-historical-v1
8edf41a4-f0e0-579a-b8ac-a69c5b7ebca8,"BEATTY ST & DUNSMUIR ST, VANCOUVER",49.279839,-123.110537,2022,11,14,last_year,roundit-historical-v1
8eec8a9a-9374-5191-a90f-797ebc1cd0c8,"GILFORD ST & NELSON ST, VANCOUVER",49.290383,-123.140196,2022,3,3,last_year,roundit-historical-v1
8f07d3dd-9c7f-5ea3-8506-ceac86caa169,"RICHARDS ST & W HASTINGS ST, VANCOUVER",49.284046,-123.111908,2022,6,7,last_year,roundit-historical-v1
8f2ff1e5-b24a-59ec-b66a-a6ce913864c9,"E 15TH AVE & NANAIMO ST, VANCOUVER",49.256442,-123.056619,2022,3,1,last_year,roundit-historical-v1
8f9449cc-3709-55b5-95af-55a40d8de58f,"GRANVILLE ST & W 34TH AVE, VANCOUVER",49.240891,-123.13933,2022,7,10,last_year,roundit-historical-v1
8f9d43be-af1e-56ee-969a-65e8d93f74bb,"DAVIE ST & PACIFIC BLVD, VANCOUVER",49.274047,-123.121365,2022,32,26,last_year,roundit-historical-v1
8fa07232-4794-5051-9b21-61655716df60,"PUGET DR & W KING EDWARD AVE, VANCOUVER",49.249287,-123.169873,2022,3,9,last_year,roundit-historical-v1
8faa3214-5004-5bca-be57-83f5361c8566,"PUGET DR & W 33RD AVE, VANCOUVER",49.242251,-123.162497,2022,3,4,last_year,roundit-historical-v1
8fab196f-0217-5fce-b90d-bfe7deb3ad23,"E 1ST AVE & GARDEN DR, VANCOUVER",49.269496,-123.058015,2022,5,4,last_year,roundit-historical-v1
8fe2b246-89b7-5f45-9d45-3ea8ec63492d,"E 58TH AVE & KERR ST, VANCOUVER",49.217209,-123.041449,2022,5,3,last_year,roundit-historical-v1
8feb1ea0-f3e9-5a08-9a7b-7c664795d743,"OAK ST & W 52ND AVE, VANCOUVER",49.223909,-123.128441,2022,3,5,last_year,roundit-historical-v1
8ff7f43a-2831-530a-bddb-31aedc09f1e7,"KITCHENER ST & NANAIMO ST, VANCOUVER",49.272172,-123.056588,2022,1,4,last_year,roundit-historical-v1
8ffd46e0-88de-5472-b634-2765a00cf471,"HOMER ST & NELSON ST, VANCOUVER",49.277347,-123.120093,2022,23,25,last_year,roundit-historical-v1
90212032-6596-58cc-a734-cfab8eb21d84,"CAMBIE ST & W 30TH AVE, VANCOUVER",49.243676,-123.117305,2022,4,1,last_year,roundit-historical-v1
90325513-8ad3-538c-921c-cb7835a45e87,"CYPRESS ST & W 57TH AVE, VANCOUVER",49.219479,-123.150094,2022,1,1,last_year,roundit-historical-v1
9074d249-7085-56e5-aca3-5c6ac80a9ae7,"LAKEWOOD DR & TRIUMPH ST, VANCOUVER",49.283918,-123.06165,2022,2,1,last_year,roundit-historical-v1
90803c2b-1ac3-5d41-95e0-5beb716f96af,"COMMERCIAL DR & E 6TH AVE, VANCOUVER",49.265079,-123.06974,2022,10,14,last_year,roundit-historical-v1
909afcdf-6d95-5f16-9564-5c69c5911efc,"E 47TH AVE & FRASER ST, VANCOUVER",49.227363,-123.0907,2022,37,34,last_year,roundit-historical-v1
90ae8e4b-13df-55de-9382-d45f241436f4,"E 60TH AVE & FRASER ST, VANCOUVER",49.215642,-123.091023,2022,3,2,last_year,roundit-historical-v1
9125892f-4a6a-5a61-a869-65c4c01ce249,"BEACH AVE & BUTE ST, VANCOUVER",49.279284,-123.137129,2022,1,1,last_year,roundit-historical-v1
91349cd6-1bf7-5991-a628-458acfe8483e,"COMMERCIAL DR & E HASTINGS ST, VANCOUVER",49.281248,-123.070399,2022,27,29,last_year,roundit-historical-v1
913ebbde-e764-5da7-af50-0c84f216a266,"COOPERAGE WAY & SMITHE ST, VANCOUVER",49.274504,-123.11252,2022,3,1,last_year,roundit-historical-v1
914bebdb-fc40-5ce7-87a0-9fb4217535ee,"DUNBAR ST & W 30TH AVE, VANCOUVER",49.245226,-123.185243,2022,6,3,last_year,roundit-historical-v1
917a86e2-487d-5dff-85a2-9ac3ff72af88,"E HASTINGS ST & SLOCAN ST, VANCOUVER",49.281159,-123.049336,2022,28,39,last_year,roundit-historical-v1
918adb84-917d-54d2-8afa-e2477054785f,"COMMERCIAL DR & PARKER ST, VANCOUVER",49.275761,-123.069532,2022,8,7,last_year,roundit-historical-v1
919f6199-36ca-5c10-847a-b495841f384e,"MAINLAND ST & NELSON ST, VANCOUVER",49.276628,-123.118973,2022,24,19,last_year,roundit-historical-v1
91c1e588-47a3-5e6d-98a4-64bf57477b4a,"CAMBIE ST & W 60TH AVE, VANCOUVER",49.215931,-123.117036,2022,2,4,last_year,roundit-historical-v1
91d264e2-a169-516b-a0a6-ba4d99517877,"E 16TH AVE & MAIN ST, VANCOUVER",49.256579,-123.101238,2022,40,41,last_year,roundit-historical-v1
91f29268-2fae-5c21-bca5-ad1dd1c80108,"SELKIRK ST & W 73RD AVE, VANCOUVER",49.204273,-123.133469,2022,1,1,last_year,roundit-historical-v1
9219d744-bf62-56d3-be42-64f599960b39,"E 41ST AVE & JOYCE ST, VANCOUVER",49.233572,-123.036477,2022,3,12,last_year,roundit-historical-v1
92471460-d0b1-53c9-865b-9be5de8647c3,"BOUNDARY RD & NITHSDALE ST, VANCOUVER",49.2515,-123.023656,2022,8,8,last_year,roundit-historical-v1
92481681-d8a5-5b46-b896-3aa0343fec97,"BOUNDARY RD & SPRUCE ST, VANCOUVER",49.247046,-123.023696,2022,6,5,last_year,roundit-historical-v1
9248826f-0e5a-55e0-bc2b-c138c3c6197f,"E 8TH AVE & MAIN ST, VANCOUVER",49.263698,-123.101026,2022,5,13,last_year,roundit-historical-v1
9278a559-dc99-5149-960d-c4ab792612c9,"GRANVILLE ST & W 70TH AVE, VANCOUVER",49.208534,-123.140534,2022,72,103,last_year,roundit-historical-v1
929962a5-1ba5-5e12-87ee-d99fc7e74aa5,"E 48TH AVE & KILLARNEY ST, VANCOUVER",49.225886,-123.045635,2022,3,3,last_year,roundit-historical-v1
92d64f2d-6339-53cd-8581-e61a6367d7ae,"E 6TH AVE & SCOTIA ST, VANCOUVER",49.265464,-123.098855,2022,1,1,last_year,roundit-historical-v1
9303882f-2022-5948-8c50-f10ce5d9b648,"SW MARINE DR & YUKON ST, VANCOUVER",49.210898,-123.115222,2022,36,38,last_year,roundit-historical-v1
932ddadf-fe03-5fb4-99df-0eb2bd307332,"E 12TH AVE & MAIN ST, VANCOUVER",49.260193,-123.101079,2022,50,66,last_year,roundit-historical-v1
938f5813-6748-543b-b9b1-9cbbeab0edde,"E 12TH AVE & PRINCE ALBERT ST, VANCOUVER",49.259722,-123.087196,2022,11,10,last_year,roundit-historical-v1
93932181-ed74-5474-80a0-1e28a09df6b7,"BUTE ST & W PENDER ST, VANCOUVER",49.288364,-123.123384,2022,13,9,last_year,roundit-historical-v1
939ff9b1-a97c-5e4a-8ace-76fc75e95d0b,"NANAIMO ST & PANDORA ST, VANCOUVER",49.282995,-123.056534,2022,1,2,last_year,roundit-historical-v1
93add395-4867-5f24-9389-82b8bde744fc,"DUMFRIES ST & E KING EDWARD AVE, VANCOUVER",49.248497,-123.073366,2022,2,4,last_year,roundit-historical-v1
93b193e2-4bc9-5980-a580-5932864633de,"DAVIE ST & MARINASIDE CRES, VANCOUVER",49.273126,-123.119925,2022,4,2,last_year,roundit-historical-v1
93ca3e66-68a7-5c69-b406-c5c7a111bef5,"E 36TH AVE & VICTORIA DR, VANCOUVER",49.237486,-123.065434,2022,7,9,last_year,roundit-historical-v1
93f84ad2-6e7c-5ef5-830f-183d2d74d4f8,"CAMBIE ST & W 6TH AVE, VANCOUVER",49.265763,-123.114674,2022,9,15,last_year,roundit-historical-v1
93febe01-968c-547c-9bb1-a99d6e683265,"STANLEY PARK CAUSEWAY & W GEORGIA ST, VANCOUVER",49.294551,-123.136523,2022,8,7,last_year,roundit-historical-v1
9401ec52-7eab-579c-89d3-7ec826c2cdf8,"HWY 1 & MCGILL ST ONRAMP, VANCOUVER",49.287034,-123.030899,2022,8,8,last_year,roundit-historical-v1
9439fe80-5a9d-538e-bf5b-89bb2979ba04,"COMMERCIAL DR & NAPIER ST, VANCOUVER",49.274864,-123.069545,2022,8,11,last_year,roundit-historical-v1
94406abb-e1c9-51e1-8886-77011ca3bfa4,"ROSS ST & SE MARINE DR, VANCOUVER",49.211117,-123.083233,2022,9,25,last_year,roundit-historical-v1
947aff19-212b-5d74-8a96-fc00fc1cf10f,"HEATHER ST & W 57TH AVE, VANCOUVER",49.219142,-123.123868,2022,5,7,last_year,roundit-historical-v1
94d768cd-de98-54cc-82b3-0d3865485a66,"SPRUCE ST & W 13TH AVE, VANCOUVER",49.259672,-123.129123,2022,1,1,last_year,roundit-historical-v1
95100ccd-5637-5b51-bd2b-f922908618f5,"BARCLAY ST & BURRARD ST, VANCOUVER",49.28188,-123.124968,2022,6,8,last_year,roundit-historical-v1
9566a740-0535-5b68-8537-bb5270de9903,"GRANDVIEW HWY N & NANAIMO ST, VANCOUVER",49.258468,-123.056617,2022,24,28,last_year,roundit-historical-v1
9570c555-a815-5b20-ad22-de5f37eb9550,"ARBUTUS ST & NANTON AVE, VANCOUVER",49.247666,-123.153243,2022,9,9,last_year,roundit-historical-v1
95781d46-f0a2-5ad4-8092-51f9bd1ae0d3,"W 40TH AVE & YEW ST, VANCOUVER",49.235592,-123.158509,2022,7,2,last_year,roundit-historical-v1
957de4e3-3835-5009-8329-11ac35e3f68c,"ANCASTER CRES & ELLIOTT ST, VANCOUVER",49.212421,-123.055121,2022,1,2,last_year,roundit-historical-v1
95c8e86a-7e7b-5e1e-bbfd-dd5139608169,"CAMOSUN ST & W 10TH AVE, VANCOUVER",49.263647,-123.19697,2022,3,7,last_year,roundit-historical-v1
96428022-ac70-5c07-b0a3-5c5d67087a40,"BOUNDARY RD & IMPERIAL ST, VANCOUVER",49.221948,-123.023697,2022,30,45,last_year,roundit-historical-v1
96432b65-b385-5e64-9cc2-fedf6e551e86,"E 1ST AVE ONRAMP & HWY 1, VANCOUVER",49.26953,-123.027812,2022,10,14,last_year,roundit-historical-v1
967042dc-de26-53cc-81b9-e6d33a5b39e0,"CAMBIE ST & W 44TH AVE, VANCOUVER",49.230738,-123.116161,2022,1,2,last_year,roundit-historical-v1
9683c3a2-2f2f-5488-aff9-75864b16d817,"PRICE ST & RUPERT ST, VANCOUVER",49.244171,-123.034419,2022,4,3,last_year,roundit-historical-v1
969770f9-4cb8-5d2d-a8d8-8a3872d99e5e,"OAK ST & W 57TH AVE, VANCOUVER",49.219207,-123.128556,2022,46,51,last_year,roundit-historical-v1
96b68d12-ce66-5f48-ba28-e883fa809f13,"GRANVILLE ST & W 48TH AVE, VANCOUVER",49.227896,-123.139774,2022,4,4,last_year,roundit-historical-v1
96f1efcd-0953-58da-a6e5-72053291312d,"CLARK DR & E 10TH AVE, VANCOUVER",49.261417,-123.077602,2022,3,5,last_year,roundit-historical-v1
96f39f40-d3f4-5fad-8e2b-e341250f4563,"ALBERNI ST & JERVIS ST, VANCOUVER",49.287728,-123.127469,2022,8,9,last_year,roundit-historical-v1
96f46536-28a3-5893-9425-43388c2f6cda,"SEYMOUR ST & W PENDER ST, VANCOUVER",49.284019,-123.11383,2022,9,9,last_year,roundit-historical-v1
970d031f-16a2-50eb-b6b6-182e5fa9a4d3,"E 45TH AVE & ELGIN ST, VANCOUVER",49.229081,-123.083804,2022,1,1,last_year,roundit-historical-v1
972944ee-6d72-561a-88af-e599eff7f122,"MACDONALD ST & W 11TH AVE, VANCOUVER",49.262339,-123.168239,2022,3,5,last_year,roundit-historical-v1
978628bb-14bf-5384-9a75-626b1d096e63,"CLARK DR & E 3RD AVE, VANCOUVER",49.267849,-123.07738,2022,9,17,last_year,roundit-historical-v1
97d07781-8ffe-5d52-bf0e-be14f75fec11,"PINE ST & W 16TH AVE, VANCOUVER",49.25714,-123.143598,2022,5,8,last_year,roundit-historical-v1
97db1148-0f5f-5cbb-b6bf-7d7cbe1be04f,"E 28TH AVE & WATSON ST, VANCOUVER",49.245709,-123.100582,2022,2,1,last_year,roundit-historical-v1
97e147f8-3502-5f1c-b454-2c2c5646556f,"NELSON ST & SEYMOUR ST, VANCOUVER",49.278601,-123.122011,2022,50,34,last_year,roundit-historical-v1
97f633be-d2b9-50c7-a5e5-0c5acfd26754,"CITADEL PARADE & W GEORGIA ST, VANCOUVER",49.278416,-123.111703,2022,2,3,last_year,roundit-historical-v1
980c5614-8940-5f39-886e-dfc36d6f6575,"SEYMOUR ST & SMITHE ST, VANCOUVER",49.279646,-123.120414,2022,27,42,last_year,roundit-historical-v1
9817997e-4ba6-570f-86a5-f079829b2d6c,"E 41ST AVE & QUEBEC ST, VANCOUVER",49.233115,-123.103713,2022,4,4,last_year,roundit-historical-v1
984e34a4-6d78-5dd1-81f7-59ff8b7f065a,"HELMCKEN ST & HOWE ST, VANCOUVER",49.278846,-123.125624,2022,14,14,last_year,roundit-historical-v1
985daab7-4d99-5bf8-a954-f7dc79a8dd04,"SPRUCE ST & W 8TH AVE, VANCOUVER",49.26436,-123.128963,2022,4,1,last_year,roundit-historical-v1
9892c6c9-0b1b-506b-9cc7-a0a06f85a646,"W 49TH AVE & YEW ST, VANCOUVER",49.227203,-123.15881,2022,1,2,last_year,roundit-historical-v1
98987442-3b42-505b-a0dc-693eae6f5e59,"OAK ST & W 15TH AVE, VANCOUVER",49.257814,-123.127037,2022,6,10,last_year,roundit-historical-v1
98abd4ef-a671-5073-a9f4-ef60c658f32d,"PENDRELL ST & THURLOW ST, VANCOUVER",49.281101,-123.130152,2022,3,4,last_year,roundit-historical-v1
98c72e50-cda7-5f9d-b11a-7636f415aa89,"OAK ST & WOLFE AVE, VANCOUVER",49.252618,-123.127409,2022,1,7,last_year,roundit-historical-v1
98dc3314-1302-5457-be50-a04307597c6f,"E 17TH AVE & RENFREW ST, VANCOUVER",49.254411,-123.044346,2022,2,2,last_year,roundit-historical-v1
98e6344f-f937-52d3-8396-879bad82a7b9,"OAK ST & W 6TH AVE, VANCOUVER",49.265999,-123.126532,2022,16,27,last_year,roundit-historical-v1
98ff5c66-f297-5904-a096-fc29b4ba4e27,"ASH ST & W 70TH AVE, VANCOUVER",49.20822,-123.119006,2022,2,1,last_year,roundit-historical-v1
99174afb-ec86-5102-b886-ef2d2ce648cc,"GRANDVIEW HWY & WINDERMERE ST, VANCOUVER",49.258124,-123.036531,2022,1,3,last_year,roundit-historical-v1
992d9ac7-4a33-561d-8d2a-6b8d15bc18b9,"CAMBIE ST & W 32ND AVE, VANCOUVER",49.242176,-123.118498,2022,2,1,last_year,roundit-historical-v1
992eb71e-7709-5bcc-9cb2-37a4d9bb1630,"GRANT ST & VICTORIA DR, VANCOUVER",49.271281,-123.065738,2022,4,4,last_year,roundit-historical-v1
99797374-6cf7-5f27-905f-4dee7c15d9be,"FRANKLIN ST & SALSBURY DR, VANCOUVER",49.282162,-123.068276,2022,3,1,last_year,roundit-historical-v1
99ad8951-9df1-5134-a825-c3817e5e1119,"OAK ST & W 13TH AVE, VANCOUVER",49.259635,-123.126736,2022,8,6,last_year,roundit-historical-v1
99d27d80-8704-5f5e-a19c-53497d0dc010,"E 39TH AVE & FRASER ST, VANCOUVER",49.234768,-123.090529,2022,3,2,last_year,roundit-historical-v1
99f38452-fa76-5088-b0be-85f9e4562bc5,"BALSAM ST & W BROADWAY, VANCOUVER",49.26394,-123.160012,2022,3,1,last_year,roundit-historical-v1
99f71554-2b29-5a1e-988d-59e77414db15,"E 58TH AVE & KNIGHT ST, VANCOUVER",49.217259,-123.077044,2022,8,9,last_year,roundit-historical-v1
99fa6c00-31e5-51aa-a5af-5c6c302fa949,"OAK ST & W 10TH AVE, VANCOUVER",49.262439,-123.12665,2022,10,15,last_year,roundit-historical-v1
9a131c69-7ee5-5e5c-9f46-9b58881b1e7a,"MAXINE LANE & THURLOW ST, VANCOUVER",49.279335,-123.132781,2022,2,4,last_year,roundit-historical-v1
9a3b52e0-2bf2-598a-8575-7d61372f314d,"OAK ST & W 43RD AVE, VANCOUVER",49.232091,-123.128151,2022,1,6,last_year,roundit-historical-v1
9a43978a-a589-5f71-86af-0c7b7ce4893b,"SCHOOL AVE & WESSEX ST, VANCOUVER",49.232109,-123.035107,2022,2,2,last_year,roundit-historical-v1
9a513c6b-b1c4-5717-a372-3dba85bc16b3,"FIR ST & W 15TH AVE, VANCOUVER",49.258033,-123.141253,2022,4,5,last_year,roundit-historical-v1
9a5c56f3-b4e8-56e2-8086-0324ee20a6f7,"FRANCES ST & MCLEAN DR, VANCOUVER",49.279428,-123.074119,2022,4,4,last_year,roundit-historical-v1
9a786e08-af93-5ecf-83dd-c34d7650e964,"E 27TH AVE & SLOCAN ST, VANCOUVER",49.246275,-123.049652,2022,3,1,last_year,roundit-historical-v1
9a82bc96-e006-5005-b7a1-ac22b8c45061,"E 13TH AVE & WINDSOR ST, VANCOUVER",49.258767,-123.083385,2022,1,2,last_year,roundit-historical-v1
9aca7485-fdf8-5e40-a936-1fe368f8af20,"CAMBIE ST & DUNSMUIR ST, VANCOUVER",49.280488,-123.111556,2022,12,17,last_year,roundit-historical-v1
9ad8125d-af53-5757-a10a-af20ceedefff,"E 16TH AVE & ST GEORGE ST, VANCOUVER",49.256497,-123.093787,2022,3,3,last_year,roundit-historical-v1
9afc50fd-e46a-5e17-8dd4-f8583872b498,"E HASTINGS ST & VICTORIA DR, VANCOUVER",49.281211,-123.065573,2022,41,26,last_year,roundit-historical-v1
9b040a22-801b-54f1-b27c-6d5c64243e9d,"CLARK DR & E BROADWAY, VANCOUVER",49.262392,-123.077552,2022,64,66,last_year,roundit-historical-v1
9b0a3524-9f6b-536c-8bce-65afbb7eedef,"DISCOVERY ST & W 10TH AVE, VANCOUVER",49.263743,-123.203011,2022,19,13,last_year,roundit-historical-v1
9b0b3bf5-7702-534d-9c2d-ca071c4b126c,"ADANAC ST & BOUNDARY RD, VANCOUVER",49.277492,-123.023519,2022,7,4,last_year,roundit-historical-v1
9b4705fa-7c4a-5911-adb5-dd52b473ffac,"HEATLEY AVE & UNION ST, VANCOUVER",49.277481,-123.089697,2022,1,1,last_year,roundit-historical-v1
9b4dce57-444d-5d13-9fe8-75d0c923095f,"LAUREL ST & SW MARINE DR, VANCOUVER",49.206351,-123.126198,2022,15,20,last_year,roundit-historical-v1
9bba4b85-368f-531b-8d39-5092c6e21a18,"JOHNSTON ST & OLD BRIDGE ST, VANCOUVER",49.271071,-123.133928,2022,4,1,last_year,roundit-historical-v1
9c00a542-70dc-546d-8552-b15c6fb9e1e8,"E 2ND AVE & NANAIMO ST, VANCOUVER",49.268573,-123.056624,2022,5,5,last_year,roundit-historical-v1
9c5ec560-7df7-5283-8267-8d59310197ba,"DUNBAR ST & W 16TH AVE, VANCOUVER",49.257905,-123.184014,2022,20,35,last_year,roundit-historical-v1
9c6acadb-35ca-5076-9ef1-6b8b56bb9d6a,"E 29TH AVE & NANAIMO ST, VANCOUVER",49.244612,-123.056658,2022,22,13,last_year,roundit-historical-v1
9c89dcdf-0204-5c76-80ad-2e21a9ac79e6,"MONTGOMERY ST & W 49TH AVE, VANCOUVER",49.226679,-123.131917,2022,3,3,last_year,roundit-historical-v1
9c9ca446-de45-5788-b828-d92d098def57,"E BROADWAY & MAIN ST, VANCOUVER",49.262912,-123.100967,2022,32,39,last_year,roundit-historical-v1
9cfc1dbd-e962-581e-a092-b9584b970a3a,"E 23RD AVE & KNIGHT ST, VANCOUVER",49.249892,-123.076132,2022,1,3,last_year,roundit-historical-v1
9d31bc30-1b13-5bd9-a704-6f8c64925e46,"E 54TH AVE & MAIN ST, VANCOUVER",49.221053,-123.101785,2022,1,3,last_year,roundit-historical-v1
9d6c7746-ab72-5646-b940-0b0ea274d8e2,"E 53RD AVE & FRASER ST, VANCOUVER",49.221868,-123.09087,2022,6,5,last_year,roundit-historical-v1
9dddaaef-c291-5d79-9b17-98a15164ed2a,"E 22ND AVE & NOOTKA ST, VANCOUVER",49.250617,-123.041605,2022,4,7,last_year,roundit-historical-v1
9e083951-6264-5fa1-9e87-a67967b66082,"E KING EDWARD AVE & ST GEORGE ST, VANCOUVER",49.248686,-123.094061,2022,6,4,last_year,roundit-historical-v1
9e204d25-c96d-5950-b731-a4fd8c8ba411,"FOLEY ST & GREAT NORTHERN WAY, VANCOUVER",49.266212,-123.086553,2022,1,7,last_year,roundit-historical-v1
9e5a6d71-4928-57a3-b5d3-2eff9bc9efdb,"CAMBIE ST & W 41ST AVE, VANCOUVER",49.23354,-123.116194,2022,69,83,last_year,roundit-historical-v1
9e9da546-c781-55ba-a9b7-51f19700babd,"E 33RD AVE & ST CATHERINES ST, VANCOUVER",49.24028,-123.08684,2022,3,2,last_year,roundit-historical-v1
9eacca6e-1343-5b7a-8836-c8e5df8f5daf,"BEATRICE ST & SE MARINE DR, VANCOUVER",49.210264,-123.06779,2022,5,5,last_year,roundit-historical-v1
9f0271d8-376c-57cd-a0dc-8dc8728962f0,"ABBOTT ST & W CORDOVA ST, VANCOUVER",49.282927,-123.106793,2022,5,12,last_year,roundit-historical-v1
9f06aec2-4e66-5a89-ae69-23072323f706,"FIR ST & W 16TH AVE, VANCOUVER",49.257099,-123.141293,2022,15,11,last_year,roundit-historical-v1
9f60180b-5fe9-56b3-b1de-234271aca048,"GRANVILLE ST & SMITHE ST, VANCOUVER",49.280325,-123.121393,2022,18,37,last_year,roundit-historical-v1
9fa62458-c215-5255-aa16-1436b20001d0,"GRANDVIEW HWY & KASLO ST, VANCOUVER",49.25819,-123.046994,2022,16,14,last_year,roundit-historical-v1
9fe624fe-f5ae-5cc4-a8d8-a56148c62811,"E 35TH AVE & ROSS ST, VANCOUVER",49.238219,-123.082427,2022,1,1,last_year,roundit-historical-v1
9fe9d4b3-f46a-5ea0-993e-933f69255696,"BALSAM ST & W 8TH AVE, VANCOUVER",49.264841,-123.159985,2022,1,3,last_year,roundit-historical-v1
9ff34cde-0115-5a04-8edc-e85cfd76403b,"ONTARIO ST & W BROADWAY, VANCOUVER",49.263014,-123.104885,2022,7,10,last_year,roundit-historical-v1
a01ae125-4cb6-5e5b-85e6-cbafb847c619,"GRANVILLE ST & W PENDER ST, VANCOUVER",49.284652,-123.114846,2022,5,3,last_year,roundit-historical-v1
a053245d-3e24-55dd-b963-8b0e9261a029,"E CORDOVA ST & MAIN ST, VANCOUVER",49.282288,-123.09963,2022,18,23,last_year,roundit-historical-v1
a05a1b74-8b91-5769-92b8-1020387db766,"E 4TH AVE & RENFREW ST, VANCOUVER",49.266666,-123.04427,2022,1,2,last_year,roundit-historical-v1
a062b5a8-005d-5f0c-8b7b-dfab2c0d2c1e,"TOLMIE ST & W 10TH AVE, VANCOUVER",49.26388,-123.212129,2022,3,9,last_year,roundit-historical-v1
a080b052-e8d0-5925-9476-eb790917972f,"COLUMBIA ST & W 4TH AVE, VANCOUVER",49.26745,-123.109445,2022,1,3,last_year,roundit-historical-v1
a088c993-b669-5f53-9bdb-049018e8562c,"GRANVILLE ST & W 11TH AVE, VANCOUVER",49.26171,-123.138572,2022,13,14,last_year,roundit-historical-v1
a0907d63-8784-570e-b17c-8fe415c010e6,"ANGUS DR & SW MARINE DR, VANCOUVER",49.209472,-123.148711,2022,15,10,last_year,roundit-historical-v1
a0d5b0d5-a940-5637-8d72-088a5387c10c,"W 57TH AVE & WEST BOULEVARD, VANCOUVER",49.21948,-123.15051,2022,5,6,last_year,roundit-historical-v1
a0fefea3-ba2b-5ee1-831c-794318987941,"VINE ST & W 5TH AVE, VANCOUVER",49.267337,-123.157547,2022,3,3,last_year,roundit-historical-v1
a10f905d-9ff5-589e-ae36-58646b06ef76,"E 7TH AVE & ONTARIO ST, VANCOUVER",49.264674,-123.10482,2022,2,4,last_year,roundit-historical-v1
a126041b-d421-50a8-9ecc-f1018da28d02,"FRASER ST & SE MARINE DR, VANCOUVER",49.211023,-123.091135,2022,49,52,last_year,roundit-historical-v1
a1271bcc-b1dc-5476-8d43-58069a5af950,"GARDEN DR & GRANDVIEW HWY S, VANCOUVER",49.258268,-123.058251,2022,1,3,last_year,roundit-historical-v1
a174ab36-65d2-5ce4-85f1-e9235b168f65,"COPLEY ST & GRANDVIEW HWY S, VANCOUVER",49.257533,-123.055007,2022,2,4,last_year,roundit-historical-v1
a17f2213-440e-53fa-a54f-958b7c178c02,"E 15TH AVE & FRASER ST, VANCOUVER",49.257163,-123.08944,2022,2,3,last_year,roundit-historical-v1
a18f4815-d5f9-5ee3-8a0c-c1b219656415,"MANITOBA ST & WALTER HARDWICK AVE, VANCOUVER",49.27093,-123.106634,2022,4,3,last_year,roundit-historical-v1
a2415d8e-e18b-5926-acac-92625b08ce79,"E 54TH AVE & VICTORIA DR, VANCOUVER",49.220267,-123.06587,2022,17,24,last_year,roundit-historical-v1
a25b71a2-1d36-5ec3-9958-b05eeb596555,"KERR ST & RUPERT ST, VANCOUVER",49.227246,-123.041097,2022,1,5,last_year,roundit-historical-v1
a264e1c8-4f40-5f35-baf4-7bf3bfec1c69,"MACDONALD ST & W 12TH AVE, VANCOUVER",49.261378,-123.168264,2022,9,6,last_year,roundit-historical-v1
a27dbe3d-7db9-5c1e-8cc6-ecb3a6de212e,"JOYCE ST & SCHOOL AVE, VANCOUVER",49.232922,-123.037173,2022,4,4,last_year,roundit-historical-v1
a29bd1c3-174f-599c-9a4b-23d2fc50d2cb,"OLYMPIC ST & W 41ST AVE, VANCOUVER",49.234781,-123.189627,2022,1,1,last_year,roundit-historical-v1
a2b767e8-d16e-5418-bcf5-1e849314635d,"GORE AVE & KEEFER ST, VANCOUVER",49.279435,-123.097188,2022,7,8,last_year,roundit-historical-v1
a2bd59a7-eff5-5c95-b36a-61f181d9435e,"E 42ND AVE & VICTORIA DR, VANCOUVER",49.232071,-123.065516,2022,21,18,last_year,roundit-historical-v1
a312369f-ca0f-5702-b81c-16d04dab29e3,"SEYMOUR ST & W HASTINGS ST, VANCOUVER",49.284665,-123.112855,2022,7,10,last_year,roundit-historical-v1
a36fec11-a2cc-5b4f-a18a-245d81d7ac13,"ARGYLE ST & E 41ST AVE, VANCOUVER",49.232629,-123.071514,2022,9,10,last_year,roundit-historical-v1
a3c273e8-bc87-5881-9281-0444f3731f89,"E 22ND AVE & SLOCAN ST, VANCOUVER",49.250639,-123.049615,2022,15,20,last_year,roundit-historical-v1
a3c3edc3-69f3-56d7-98bd-9fce079a38d2,"GRANVILLE BRIDGE & W 4TH AVE, VANCOUVER",49.267939,-123.138452,2022,1,1,last_year,roundit-historical-v1
a3c757dd-9050-5404-8f62-cca9e2e4414b,"BRUNSWICK ST & E BROADWAY, VANCOUVER",49.262785,-123.097017,2022,10,11,last_year,roundit-historical-v1
a3e647e3-290a-5259-b226-422128f09bea,"OAK ST & W 46TH AVE, VANCOUVER",49.229306,-123.128234,2022,4,11,last_year,roundit-historical-v1
a3f09e75-19a0-53eb-abc2-590ff7136025,"E 28TH AVE & MAIN ST, VANCOUVER",49.245848,-123.101254,2022,17,20,last_year,roundit-historical-v1
a4277d11-2af1-59eb-a70c-4db4fc6c7f6a,"OAK ST & W 54TH AVE, VANCOUVER",49.221533,-123.128509,2022,6,12,last_year,roundit-historical-v1
a447f7a2-1afb-5e16-b439-efe89d0f7a90,"MOBERLY RD & W 6TH AVE, VANCOUVER",49.265912,-123.120548,2022,11,7,last_year,roundit-historical-v1
a461e555-9fbd-56e9-adb0-ff671f213926,"E BROADWAY & PRINCE ALBERT ST, VANCOUVER",49.262469,-123.087187,2022,7,8,last_year,roundit-historical-v1
a49dcbed-5ba9-5f61-94dc-5598c8253dd5,"CAMBIE ST & W 15TH AVE, VANCOUVER",49.257827,-123.115037,2022,5,2,last_year,roundit-historical-v1
a4d54c6e-08ce-5ab5-9af6-1fdd343538a1,"E 12TH AVE & GLEN DR, VANCOUVER",49.259671,-123.081442,2022,9,7,last_year,roundit-historical-v1
a4d5dd8e-cede-5e67-bb0b-39dbd37d122f,"EAST BOULEVARD & W 37TH AVE, VANCOUVER",49.238282,-123.154893,2022,1,3,last_year,roundit-historical-v1
a4dacdf3-3059-5902-82cf-dd1911f904fb,"E 33RD AVE & ROSS ST, VANCOUVER",49.240248,-123.082372,2022,2,5,last_year,roundit-historical-v1
a5285f6a-48e6-5987-918f-b59fb1d60efb,"MACKENZIE ST & W 37TH AVE, VANCOUVER",49.238532,-123.170254,2022,3,3,last_year,roundit-historical-v1
a5430519-0f13-5183-8841-58e8cb357e6d,"KERR ST & SE MARINE DR, VANCOUVER",49.208097,-123.042257,2022,47,82,last_year,roundit-historical-v1
a550b42a-a18a-5e25-90b9-8db6c33212af,"E 8TH AVE & VICTORIA DR, VANCOUVER",49.263241,-123.065886,2022,2,2,last_year,roundit-historical-v1
a554a082-45e4-522e-b231-b852a11d30e4,"BROOKS ST & E 49TH AVE, VANCOUVER",49.224673,-123.035186,2022,1,5,last_year,roundit-historical-v1
a582ec2e-4caf-59bd-96a0-68f1af2aab87,"NELSON ST & PACIFIC BLVD, VANCOUVER",49.274156,-123.115036,2022,14,11,last_year,roundit-historical-v1
a5a3af20-79f2-55a0-87f6-fb2ee7363e47,"CAMBIE ST & W 14TH AVE, VANCOUVER",49.258738,-123.115022,2022,14,21,last_year,roundit-historical-v1
a5aae542-fcbe-54e7-aab4-13a70e197b1f,"GRANVILLE ST & W 63RD AVE, VANCOUVER",49.213997,-123.140355,2022,6,7,last_year,roundit-historical-v1
a5d5d065-a7c7-587f-a169-ccadbeb84b2b,"E 55TH AVE & FRASER ST, VANCOUVER",49.219962,-123.090903,2022,3,7,last_year,roundit-historical-v1
a5dc5e70-8e2c-55ac-b058-e297f4c571ee,"LAUREL ST & W BROADWAY, VANCOUVER",49.263368,-123.124176,2022,14,8,last_year,roundit-historical-v1
a5ef2b03-760f-5f75-9061-6377a4081f48,"OAK ST & W 18TH AVE, VANCOUVER",49.255324,-123.12729,2022,1,2,last_year,roundit-historical-v1
a63373d0-a54f-59da-b034-0993f26f4372,"COMMERCIAL ST & E 22ND AVE, VANCOUVER",49.250311,-123.06797,2022,2,3,last_year,roundit-historical-v1
a63b0e19-752f-5b78-959f-949dd0749471,"CAMBIE ST & W 45TH AVE, VANCOUVER",49.229814,-123.116358,2022,6,12,last_year,roundit-historical-v1
a649dffa-4e73-58f5-b2ba-76d5b014f962,"E 30TH AVE & MAIN ST, VANCOUVER",49.243283,-123.101365,2022,15,8,last_year,roundit-historical-v1
a64f8a4d-1072-5e91-96db-e7eb186844a6,"FIR ST & W 5TH AVE, VANCOUVER",49.267107,-123.140907,2022,4,4,last_year,roundit-historical-v1
a6658a5a-69f3-50c8-96d4-9a53c659b879,"ALMA ST & W BROADWAY, VANCOUVER",49.264369,-123.185879,2022,11,14,last_year,roundit-historical-v1
a68d9d86-5379-5ee8-9b64-451af1fbf24d,"E 44TH AVE & FRASER ST, VANCOUVER",49.230094,-123.090586,2022,5,8,last_year,roundit-historical-v1
a69a9889-590a-5ead-a377-00f31e66ee1f,"BEACH AVE & HOWE ST, VANCOUVER",49.27473,-123.131812,2022,9,2,last_year,roundit-historical-v1
a6a5a9e3-7dd3-5e0d-b0de-86302d4571b6,"E 1ST AVE & WINDERMERE ST, VANCOUVER",49.269537,-123.036435,2022,10,21,last_year,roundit-historical-v1
a6d4ea6c-b91b-5371-974f-4e05aa6d637d,"HEATHER ST & W BROADWAY, VANCOUVER",49.263294,-123.119894,2022,25,20,last_year,roundit-historical-v1
a6f9ad4d-cade-510f-88f5-17053a3a8ec0,"RENFREW ST & VENABLES ST, VANCOUVER",49.276512,-123.044115,2022,3,10,last_year,roundit-historical-v1
a76a38c9-530b-53d5-8c05-192125538560,"W 8TH AVE & YUKON ST, VANCOUVER",49.263909,-123.112873,2022,9,6,last_year,roundit-historical-v1
a7a7d661-de00-565d-9600-b7c007210272,"ALBERNI ST & DENMAN ST, VANCOUVER",49.292192,-123.134398,2022,12,19,last_year,roundit-historical-v1
a7d4f998-f7e7-5cf0-a939-0fca5c707850,"BRUNSWICK ST & GREAT NORTHERN WAY, VANCOUVER",49.266741,-123.096256,2022,5,8,last_year,roundit-historical-v1
a7ee4612-8fc9-595c-916a-a8fce148033e,"CAROLINA ST & KINGSWAY, VANCOUVER",49.257326,-123.091813,2022,12,12,last_year,roundit-historical-v1
a80f1d7d-1b5d-5d7a-93bb-ba4437641ff1,"CHARLES ST & NANAIMO ST, VANCOUVER",49.273283,-123.056581,2022,8,8,last_year,roundit-historical-v1
a8441766-7a43-5bea-bd66-ad69b098481c,"BEACH AVE & HORNBY ST, VANCOUVER",49.27536,-123.132758,2022,4,5,last_year,roundit-historical-v1
a87ffa69-e5fc-50fb-be23-4aa059d876b4,"E 28TH AVE & NANAIMO ST, VANCOUVER",49.245792,-123.056656,2022,5,4,last_year,roundit-historical-v1
a8871398-b03f-5590-9c01-d271f4b423c1,"E 13TH AVE & MAIN ST, VANCOUVER",49.259308,-123.101108,2022,11,3,last_year,roundit-historical-v1
a8935202-91c6-5a9a-a46f-b0f6a25a34e0,"EUCLID AVE & TYNE ST, VANCOUVER",49.235177,-123.030455,2022,1,1,last_year,roundit-historical-v1
a8bda455-d12d-5bac-85fb-04209778013d,"COLUMBIA ST & W 7TH AVE, VANCOUVER",49.264753,-123.109464,2022,5,14,last_year,roundit-historical-v1
a91ed2d0-854d-5dff-b38a-ba028cea3a80,"E 12TH AVE & GUELPH ST, VANCOUVER",49.259779,-123.094984,2022,6,6,last_year,roundit-historical-v1
a96a30a3-c6fc-5cf8-9079-ce9807c568de,"E 11TH AVE & WOODLAND DR, VANCOUVER",49.260495,-123.073688,2022,4,2,last_year,roundit-historical-v1
a995f069-0fd9-5ffd-ac1d-8cbb0e49d3ba,"ARBUTUS ST & W 32ND AVE, VANCOUVER",49.243025,-123.153441,2022,2,2,last_year,roundit-historical-v1
aa312f08-b99a-59b1-b8e7-496d0274ab64,"TRIMBLE ST & W 11TH AVE, VANCOUVER",49.262854,-123.206121,2022,5,2,last_year,roundit-historical-v1
aa59d2c2-91ec-570d-938b-795d3ec55db5,"DAVIE ST & HAMILTON ST, VANCOUVER",49.274871,-123.122664,2022,4,4,last_year,roundit-historical-v1
aa70bfca-59d3-5af5-8623-8167becb6c3e,"COPLEY ST & NANAIMO ST, VANCOUVER",49.252878,-123.05659,2022,9,3,last_year,roundit-historical-v1
aa9228d9-cc5d-5332-ad7e-077c644f7e10,"DRAKE ST & HOWE ST, VANCOUVER",49.276755,-123.128786,2022,12,16,last_year,roundit-historical-v1
aa9cb65b-52e1-56d4-9e5c-509e9dbe039e,"ONTARIO ST & W 3RD AVE, VANCOUVER",49.268301,-123.104686,2022,3,2,last_year,roundit-historical-v1
aaa3adda-791d-5dbc-9f6b-605d02dba6e3,"CHARLES ST & RENFREW ST, VANCOUVER",49.273259,-123.044161,2022,3,5,last_year,roundit-historical-v1
aae7a12a-6613-5b92-9895-6f1e7eb189b3,"MANITOBA ST & W 12TH AVE, VANCOUVER",49.260314,-123.106987,2022,3,7,last_year,roundit-historical-v1
aaece1bb-7d72-580c-a082-1d009824c4fb,"BALSAM ST & CORNWALL AVE, VANCOUVER",49.272657,-123.159694,2022,5,3,last_year,roundit-historical-v1
aaf6a310-7882-5cc5-8295-43f8d9298248,"CLARK DR & E 6TH AVE, VANCOUVER",49.265174,-123.077429,2022,32,37,last_year,roundit-historical-v1
ab3fa6be-b2de-52c9-990d-bce36c66e750,"GRANVILLE ST & W 56TH AVE, VANCOUVER",49.219897,-123.140104,2022,2,3,last_year,roundit-historical-v1
ab4aa325-c410-5752-9918-8028246c0403,"MANSON ST & W 41ST AVE, VANCOUVER",49.233722,-123.119391,2022,2,7,last_year,roundit-historical-v1
ab516953-11af-50be-a7ee-97857f133090,"LARCH ST & W 41ST AVE, VANCOUVER",49.234685,-123.162749,2022,10,10,last_year,roundit-historical-v1
ab587a6f-43df-5904-93bd-3e1c3337691e,"E 12TH AVE & KINGSWAY, VANCOUVER",49.259878,-123.096571,2022,72,61,last_year,roundit-historical-v1
ab67bfd2-c3c1-51d9-a4c1-93d0da58b003,"E HASTINGS ST & JACKSON AVE, VANCOUVER",49.281237,-123.093427,2022,8,11,last_year,roundit-historical-v1
ab906767-df32-542b-96a1-5429cab196e3,"E BROADWAY & SEMLIN DR, VANCOUVER",49.26231,-123.063969,2022,1,4,last_year,roundit-historical-v1
abcebae4-303f-5ab8-984c-14f921d122e6,"VINE ST & W 12TH AVE, VANCOUVER",49.261114,-123.157729,2022,6,5,last_year,roundit-historical-v1
abddf965-a096-503a-ae50-9d045e9e9e04,"E 47TH AVE & TYNE ST, VANCOUVER",49.226404,-123.032195,2022,3,1,last_year,roundit-historical-v1
abf970f5-7b85-50d9-93a1-137f7d25d9fa,"E 41ST AVE & ST GEORGE ST, VANCOUVER",49.23296,-123.094557,2022,3,6,last_year,roundit-historical-v1
abfd7f9a-6fb6-5371-89c1-948d99c61c2d,"GRANVILLE ST & W 49TH AVE, VANCOUVER",49.226966,-123.13981,2022,70,76,last_year,roundit-historical-v1
ac1cb2d2-03aa-559e-9279-3ff7bd8d7715,"HEATHER ST & W 49TH AVE, VANCOUVER",49.22637,-123.123581,2022,1,4,last_year,roundit-historical-v1
ac231b2d-4d9e-51b0-8690-1128dcb2e2ca,"CAMBIE ST & W 35TH AVE, VANCOUVER",49.239063,-123.116747,2022,3,3,last_year,roundit-historical-v1
ac3b9a8d-e304-595b-8018-d9b510eec608,"CARRALL ST & W HASTINGS ST, VANCOUVER",49.281474,-123.104327,2022,7,10,last_year,roundit-historical-v1
ac3ea44e-009f-53cf-87e8-3fe4a3f78d2b,"ASH ST & W 16TH AVE, VANCOUVER",49.256945,-123.118128,2022,3,3,last_year,roundit-historical-v1
ac6b6e67-1d5a-5c16-b814-04fb23843cc8,"CHARLES ST & COMMERCIAL DR, VANCOUVER",49.273053,-123.069582,2022,8,9,last_year,roundit-historical-v1
ac6bad7f-bf2b-5e3b-b78d-5744c9bf373c,"FREMLIN ST & W 70TH AVE, VANCOUVER",49.208432,-123.127511,2022,13,9,last_year,roundit-historical-v1
ac770221-737d-5f5e-9307-1816334ac680,"SHAUGHNESSY ST & W 70TH AVE, VANCOUVER",49.208451,-123.128855,2022,6,14,last_year,roundit-historical-v1
ac8e02b1-b388-50fc-b082-f8f790a98543,"DUCHESS ST & KINGSWAY, VANCOUVER",49.239331,-123.052581,2022,1,4,last_year,roundit-historical-v1
aca71fd1-fded-5018-b294-d62f923da461,"CAMBIE ST & W HASTINGS ST, VANCOUVER",49.282555,-123.109609,2022,18,27,last_year,roundit-historical-v1
acf68c7f-93b1-5ffa-a150-0916b8a43261,"CYPRESS ST & W KING EDWARD AVE, VANCOUVER",49.249673,-123.148797,2022,1,2,last_year,roundit-historical-v1
acfc4869-a7b3-592a-85a9-009a51697da8,"BENTALL ST & GRANDVIEW HWY, VANCOUVER",49.258131,-123.031992,2022,14,8,last_year,roundit-historical-v1
ad093354-5ce0-5dd1-9876-aad993f8ef00,"GRANVILLE ST BRIDGE & HOWE ST ONRAMP, VANCOUVER",49.275046,-123.129407,2022,8,1,last_year,roundit-historical-v1
ad4dd7d5-4f34-5c73-91b4-606af2b32e2e,"HEBB AVE & RENFREW ST, VANCOUVER",49.259213,-123.044381,2022,4,5,last_year,roundit-historical-v1
ad67d800-1fef-56f9-8633-e54489bcb6cd,"ONTARIO ST & W 2ND AVE, VANCOUVER",49.269246,-123.104652,2022,7,1,last_year,roundit-historical-v1
ad770004-93cb-5a28-9de0-c05a871334ce,"E 33RD AVE & ONTARIO ST, VANCOUVER",49.240576,-123.105362,2022,1,7,last_year,roundit-historical-v1
ad794e27-5c04-5a0d-8086-49a3e3f795f9,"VENABLES ST & VERNON DR, VANCOUVER",49.276812,-123.079305,2022,13,9,last_year,roundit-historical-v1
ad8b3827-9857-5165-9e81-d688e77f5c98,"CAMBIE ST & W 23RD AVE, VANCOUVER",49.250095,-123.11536,2022,5,5,last_year,roundit-historical-v1
ad9eef81-7c18-5772-ab09-bc4cd48e3939,"CAMBIE ST & W 59TH AVE, VANCOUVER",49.216944,-123.116868,2022,13,9,last_year,roundit-historical-v1
ada28e0d-b594-5a2a-bce4-80aa418fe289,"E 14TH AVE & FRASER ST, VANCOUVER",49.257939,-123.089209,2022,4,1,last_year,roundit-historical-v1
adb7ca33-3b5a-5f2f-a998-be288b49cd34,"GEORGIA VIADUCT & GORE AVE, VANCOUVER",49.276744,-123.096883,2022,3,3,last_year,roundit-historical-v1
adc0a01a-949a-5e52-be35-303f6096a127,"CLARK DR & FRANKLIN ST, VANCOUVER",49.282259,-123.077222,2022,1,7,last_year,roundit-historical-v1
adc546a6-bce3-58c6-a0a7-f255bd81979b,"COMMERCIAL ST & KINGSWAY, VANCOUVER",49.246389,-123.067834,2022,8,13,last_year,roundit-historical-v1
adc84772-78f1-5219-bac6-b1575da77e8f,"E 41ST AVE & PRINCE EDWARD ST, VANCOUVER",49.232989,-123.097205,2022,5,10,last_year,roundit-historical-v1
ae091003-2c33-52a2-b99b-391bdb1cc223,"E 63RD AVE & MAIN ST, VANCOUVER",49.213255,-123.102093,2022,6,8,last_year,roundit-historical-v1
ae157a1f-78f6-5d3e-bd31-46ecf6ece9ca,"BIDWELL ST & ROBSON ST, VANCOUVER",49.290467,-123.133879,2022,10,13,last_year,roundit-historical-v1
ae3d4781-bcbb-53a5-957b-7f4c10c9dd1a,"CAROLINA ST & E 16TH AVE, VANCOUVER",49.256461,-123.091843,2022,6,4,last_year,roundit-historical-v1
ae5a6d5a-a8b1-5673-8d16-eafaec519a8d,"HOMER ST & W HASTINGS ST, VANCOUVER",49.283412,-123.110937,2022,8,4,last_year,roundit-historical-v1
ae60a4ba-a25d-5847-b22e-b21264f86670,"E 55TH AVE & MAIN ST, VANCOUVER",49.220148,-123.101824,2022,5,1,last_year,roundit-historical-v1
ae84a2ee-6013-5287-b593-13bb266f73be,"QUEBEC ST & SWITCHMEN ST, VANCOUVER",49.271204,-123.102177,2022,11,7,last_year,roundit-historical-v1
aeb8a37c-09d5-5a1a-9e02-0e2c1932e2ab,"HELMCKEN ST & HORNBY ST, VANCOUVER",49.279457,-123.126589,2022,8,6,last_year,roundit-historical-v1
aebd9980-ebd0-5f67-b4dc-b325879a36de,"HOWE ST & W GEORGIA ST, VANCOUVER",49.283132,-123.119153,2022,46,37,last_year,roundit-historical-v1
aed0fcdf-6aca-53b6-ad06-06c1731634be,"COLUMBIA ST & W 49TH AVE, VANCOUVER",49.225901,-123.110734,2022,5,2,last_year,roundit-historical-v1
aed4a266-8c05-5d0e-a384-92d349c9349d,"ALDER ST & W 6TH AVE, VANCOUVER",49.266081,-123.131241,2022,6,6,last_year,roundit-historical-v1
aee4af16-c759-5a03-ac64-e5675841fca3,"CROWN ST & W 14TH AVE, VANCOUVER",49.259971,-123.194064,2022,2,1,last_year,roundit-historical-v1
aeebaba8-eb63-5419-be13-7af2e188c999,"ONTARIO ST & W KING EDWARD AVE, VANCOUVER",49.248844,-123.104993,2022,2,4,last_year,roundit-historical-v1
af441833-120a-581f-9319-51e481428892,"CLARK DR & PARKER ST, VANCOUVER",49.275854,-123.077288,2022,3,9,last_year,roundit-historical-v1
af515911-d899-59d0-8d14-f47dacea60e1,"OAK ST & W 38TH AVE, VANCOUVER",49.236749,-123.127979,2022,2,6,last_year,roundit-historical-v1
af53a62f-1572-5c51-8584-e413247af402,"E HASTINGS ST & GORE AVE, VANCOUVER",49.281312,-123.097465,2022,8,13,last_year,roundit-historical-v1
af5dd694-57ca-5b34-93d8-9af2328440ee,"E 49TH AVE & ELLIOTT ST, VANCOUVER",49.224804,-123.054726,2022,55,60,last_year,roundit-historical-v1
af86f72b-8ced-5aba-8793-d616514207df,"CARTIER ST & W 64TH AVE, VANCOUVER",49.213113,-123.137651,2022,1,2,last_year,roundit-historical-v1
afad049e-42d4-59ee-aae9-808a50b76806,"CARDERO ST & W GEORGIA ST, VANCOUVER",49.290575,-123.130597,2022,31,32,last_year,roundit-historical-v1
afe276d5-69b6-5bec-ba0c-93160454e4e4,"W 4TH AVE & WALLACE ST, VANCOUVER",49.268667,-123.190655,2022,2,3,last_year,roundit-historical-v1
b00c241b-3cf6-5623-9e68-851047cb59be,"E 13TH AVE & VICTORIA DR, VANCOUVER",49.258649,-123.065965,2022,4,3,last_year,roundit-historical-v1
b01b84fe-db3f-549a-b2e6-dd7cac427a3a,"E 33RD AVE & PRINCE EDWARD ST, VANCOUVER",49.240424,-123.096896,2022,7,3,last_year,roundit-historical-v1
b0670d5b-55eb-51fe-a164-a6e3d9852ba5,"SW MARINE DR & W 49TH AVE, VANCOUVER",49.227367,-123.171556,2022,9,9,last_year,roundit-historical-v1
b09c12e3-a551-5d72-bfbc-3513160f7802,"GRANVILLE ST & W 7TH AVE, VANCOUVER",49.265342,-123.138499,2022,14,16,last_year,roundit-historical-v1
b0be52b4-1509-5787-be53-42b6ff3c7c7b,"SPRUCE ST & W 6TH AVE, VANCOUVER",49.26604,-123.128915,2022,1,4,last_year,roundit-historical-v1
b0e236b1-5913-5db8-b63a-008388d58b89,"MCLEAN DR & POWELL ST, VANCOUVER",49.283238,-123.074053,2022,11,9,last_year,roundit-historical-v1
b10d1f02-6359-51bc-a57f-9a67f6a9be24,"BLENHEIM ST & W 42ND AVE, VANCOUVER",49.233808,-123.178712,2022,2,7,last_year,roundit-historical-v1
b12be920-ee41-581d-8f8f-d763834c735e,"KINGSWAY & TAUNTON ST, VANCOUVER",49.235641,-123.039546,2022,1,1,last_year,roundit-historical-v1
b1a4010e-1145-5301-a744-554ea8c454fd,"E KING EDWARD AVE & KINGSWAY, VANCOUVER",49.248491,-123.072309,2022,33,27,last_year,roundit-historical-v1
b20995b7-192b-5ffc-b3ae-21c36bcb02ac,"CONNAUGHT DR & W 33RD AVE, VANCOUVER",49.241916,-123.142356,2022,2,7,last_year,roundit-historical-v1
b2161b66-93ea-5e14-b4d4-07b54e4f80ca,"GRANDVIEW HWY & NATAL ST, VANCOUVER",49.258135,-123.030321,2022,18,26,last_year,roundit-historical-v1
b2202dad-09ef-5f08-bbd4-fddf8a089e53,"E 41ST AVE & WINDSOR ST, VANCOUVER",49.232805,-123.08484,2022,6,5,last_year,roundit-historical-v1
b2281ce1-8213-5ec2-bd1b-8dc1fc05ac53,"GRANDVIEW HWY & RENFREW ST, VANCOUVER",49.258194,-123.044284,2022,73,83,last_year,roundit-historical-v1
b22873b0-74f9-54d3-8c4a-eba43213cc22,"E 11TH AVE & ONTARIO ST, VANCOUVER",49.261162,-123.104983,2022,1,1,last_year,roundit-historical-v1
b22aa21f-8d3c-50bc-bfc8-641ae1957e11,"E BROADWAY & NOOTKA ST, VANCOUVER",49.261924,-123.041577,2022,7,11,last_year,roundit-historical-v1
b282056e-6436-5123-a043-3835e2a9b141,"MAPLE ST & W 41ST AVE, VANCOUVER",49.234531,-123.152071,2022,12,15,last_year,roundit-historical-v1
b28348ba-8883-5799-a448-00ca48819150,"DUNDAS ST & SEMLIN DR, VANCOUVER",49.284806,-123.063552,2022,5,5,last_year,roundit-historical-v1
b28842b0-5228-550a-be1f-64e6f1acfba6,"E 63RD AVE & WINDSOR ST, VANCOUVER",49.212914,-123.085702,2022,3,2,last_year,roundit-historical-v1
b290411a-4a2e-5bc3-96ca-e681ff2071dc,"E HASTINGS ST & HEATLEY AVE, VANCOUVER",49.281164,-123.089531,2022,12,12,last_year,roundit-historical-v1
b2c45fcd-c0f3-58a2-91d7-4d50756d6e19,"OAK ST & W 49TH AVE, VANCOUVER",49.226543,-123.128296,2022,60,72,last_year,roundit-historical-v1
b2dc4d08-71c5-5eec-8cd3-04703c6484a0,"GRANDVIEW HWY S & NANAIMO ST, VANCOUVER",49.257799,-123.056635,2022,19,32,last_year,roundit-historical-v1
b2dd0fc3-dbea-5d6e-bc5c-d8564cf07082,"CAMOSUN ST & W 16TH AVE, VANCOUVER",49.258118,-123.197165,2022,1,2,last_year,roundit-historical-v1
b2e7d477-6764-52f8-a7c0-d7f513e0d228,"E 5TH AVE & RENFREW ST, VANCOUVER",49.265698,-123.044308,2022,3,3,last_year,roundit-historical-v1
b300931a-4403-54e3-bf69-88cc72a7168b,"DENMAN ST & PENDRELL ST, VANCOUVER",49.287956,-123.140773,2022,11,8,last_year,roundit-historical-v1
b303fe8e-ef5f-5f8f-9efa-0820894652eb,"E 18TH AVE & NANAIMO ST, VANCOUVER",49.253488,-123.056592,2022,3,2,last_year,roundit-historical-v1
b312588d-dd11-5206-87ec-b50b0ca69406,"CLARK DR & E 4TH AVE, VANCOUVER",49.266943,-123.077407,2022,12,15,last_year,roundit-historical-v1
b324fe2c-d9c6-5397-8074-d50af83c271e,"GEORGIA VIADUCT & MAIN ST, VANCOUVER",49.277088,-123.099909,2022,23,34,last_year,roundit-historical-v1
b336a8a7-b1be-570f-b72a-64dbe164a1ab,"KINGS AVE & RUPERT ST, VANCOUVER",49.241248,-123.037197,2022,1,2,last_year,roundit-historical-v1
b391581b-0b76-5114-bbe0-c41699685183,"W 6TH AVE & YUKON ST, VANCOUVER",49.265725,-123.112788,2022,7,7,last_year,roundit-historical-v1
b3fec975-f94f-5703-aaa1-439032c3d330,"RICHARDS ST & W PENDER ST, VANCOUVER",49.283416,-123.112864,2022,7,10,last_year,roundit-historical-v1
b403359d-a954-57e6-a28d-fe8feb44ca8e,"E 12TH AVE & ST CATHERINES ST, VANCOUVER",49.259708,-123.08532,2022,4,8,last_year,roundit-historical-v1
b427e098-f806-553d-aa97-f48891eba029,"KNIGHT ST BRIDGE & SE MARINE DR, VANCOUVER",49.211023,-123.077041,2022,17,27,last_year,roundit-historical-v1
b42da9ae-15dc-5382-a549-981f065fb36b,"BALSAM ST & W 41ST AVE, VANCOUVER",49.234676,-123.161343,2022,16,14,last_year,roundit-historical-v1
b4331750-b0e1-5b46-a5ce-716524818761,"PINE ST & W 4TH AVE, VANCOUVER",49.267984,-123.14324,2022,13,34,last_year,roundit-historical-v1
b442f073-6b95-555c-8dcf-0a9841a9e526,"CLARK DR & GRANDVIEW HWY N, VANCOUVER",49.266296,-123.077412,2022,10,6,last_year,roundit-historical-v1
b478a6d0-7b2b-5b76-9c31-0215c6c6dd46,"BOUNDARY RD & MARINE WAY, VANCOUVER",49.205426,-123.023441,2022,54,101,last_year,roundit-historical-v1
b47cbaae-01e0-568a-9080-e04f363f132b,"CASSIAR CONNECTR & TRANS-CANADA HWY, VANCOUVER",49.283126,-123.031967,2022,1,2,last_year,roundit-historical-v1
b4c121e5-c649-57eb-95cf-4e8a49e0916c,"E 10TH AVE & RENFREW ST, VANCOUVER",49.260973,-123.044321,2022,1,2,last_year,roundit-historical-v1
b50bfa97-8dbc-5b3f-af1b-9b60248df869,"EUCLID AVE & RUPERT ST, VANCOUVER",49.238824,-123.039553,2022,8,10,last_year,roundit-historical-v1
b52b5d5c-0e0c-5f63-a426-4b52763c59e4,"BERKELEY ST & E 41ST AVE, VANCOUVER",49.232831,-123.057865,2022,3,5,last_year,roundit-historical-v1
b54b90e2-eaa8-5730-a1cf-6c2f0aa89141,"MARGUERITE ST & W KING EDWARD AVE, VANCOUVER",49.249505,-123.144631,2022,6,6,last_year,roundit-historical-v1
b57ecd45-24ff-5a88-8383-8e36ffa9cc94,"E HASTINGS ST ONRAMP & HWY 1, VANCOUVER",49.281088,-123.031476,2022,8,9,last_year,roundit-historical-v1
b59b94e4-16ee-5865-b233-e45446a6d77a,"E HASTINGS ST & RENFREW ST, VANCOUVER",49.281155,-123.044034,2022,60,63,last_year,roundit-historical-v1
b5a3567e-7053-5789-b6ec-2c12b4ca11f1,"COLUMBIA ST & KEEFER ST, VANCOUVER",49.279286,-123.102155,2022,4,1,last_year,roundit-historical-v1
b5af0e42-f515-574e-9dff-d98945388b52,"TRUTCH ST & W 4TH AVE, VANCOUVER",49.268462,-123.175751,2022,7,7,last_year,roundit-historical-v1
b5c2888c-168b-5743-95cf-4f78378e5970,"ARBUTUS ST & W 1ST AVE, VANCOUVER",49.270783,-123.152669,2022,5,1,last_year,roundit-historical-v1
b5c96b7a-3c1e-551d-9f23-c5c4d6d31d9f,"BEATRICE ST & E 43RD AVE, VANCOUVER",49.230508,-123.066967,2022,3,2,last_year,roundit-historical-v1
b5f2f83f-70f4-5a60-9eb4-867e775c821a,"E 5TH AVE & QUEBEC ST, VANCOUVER",49.266463,-123.102822,2022,6,3,last_year,roundit-historical-v1
b603158e-7a44-593b-bcc1-e959ae03ab05,"E 22ND AVE & MAIN ST, VANCOUVER",49.251062,-123.100977,2022,6,6,last_year,roundit-historical-v1
b62a915f-fd8e-5998-9785-85781c14160c,"CLARK DR & E HASTINGS ST, VANCOUVER",49.281344,-123.0771,2022,41,47,last_year,roundit-historical-v1
b64a24fa-290c-5373-8c53-c4ce545f8294,"YEW ST & YORK AVE, VANCOUVER",49.271688,-123.155011,2022,4,4,last_year,roundit-historical-v1
b664df53-9d61-5c23-9d58-3712b4621d50,"KINGSWAY & WELWYN ST, VANCOUVER",49.247392,-123.069945,2022,12,11,last_year,roundit-historical-v1
b67850c5-a19a-5267-8d56-fdf24914a4e9,"BLANCA ST & W 10TH AVE, VANCOUVER",49.263927,-123.215243,2022,9,15,last_year,roundit-historical-v1
b69283f8-1977-5534-8ecd-62f52df3cb5e,"E 12TH AVE & QUEBEC ST, VANCOUVER",49.260231,-123.103085,2022,11,14,last_year,roundit-historical-v1
b6c6cedf-01e7-52b8-bc95-1ed1648bd6e9,"FIR ST & W 1ST AVE, VANCOUVER",49.270843,-123.141389,2022,2,2,last_year,roundit-historical-v1
b6dc3c70-20b3-5f88-86ca-0221cb3a50fa,"MANITOBA ST & W 16TH AVE, VANCOUVER",49.256687,-123.107107,2022,2,5,last_year,roundit-historical-v1
b6f6419f-51f9-5c1f-b132-259263a8bc6b,"W 39TH AVE & WEST BOULEVARD, VANCOUVER",49.236433,-123.155513,2022,8,8,last_year,roundit-historical-v1
b730de3f-d14e-5aff-b212-6ca58a073398,"E 15TH AVE & KNIGHT ST, VANCOUVER",49.256597,-123.075866,2022,17,9,last_year,roundit-historical-v1
b731bd34-eb3f-5f6a-8428-a706f37e44ff,"OAK ST & W 14TH AVE, VANCOUVER",49.258718,-123.126765,2022,5,13,last_year,roundit-historical-v1
b75defa4-6b61-5d92-b210-32c801308c2c,"BROUGHTON ST & W GEORGIA ST, VANCOUVER",49.289005,-123.128224,2022,48,49,last_year,roundit-historical-v1
b779c483-82b9-54ba-93fa-7cd4a7c6603c,"CASSIAR ST & E BROADWAY, VANCOUVER",49.262113,-123.031026,2022,5,1,last_year,roundit-historical-v1
b7ed31b5-d130-529b-88d6-9b977eb465a7,"BLENHEIM ST & W 33RD AVE, VANCOUVER",49.242358,-123.178645,2022,6,8,last_year,roundit-historical-v1
b7ed5b7f-e202-5cb9-9ab5-685cf868c458,"ARBUTUS ST & W 14TH AVE, VANCOUVER",49.259145,-123.153115,2022,3,2,last_year,roundit-historical-v1
b830eec3-b0b3-5d19-8a0c-e11b155e67e2,"BALSAM ST & W 2ND AVE, VANCOUVER",49.270012,-123.159792,2022,4,2,last_year,roundit-historical-v1
b85d468a-e416-5c25-83c7-4bb4865f0286,"W KENT AVE N & YUKON ST, VANCOUVER",49.206434,-123.115307,2022,6,3,last_year,roundit-historical-v1
b8924aef-28d2-5cbe-bdeb-41485caccdfb,"E 5TH AVE & NANAIMO ST, VANCOUVER",49.265818,-123.056585,2022,1,2,last_year,roundit-historical-v1
b8995744-a768-5b14-8d94-d33b12bd3071,"E 27TH AVE & VICTORIA DR, VANCOUVER",49.246758,-123.065122,2022,3,4,last_year,roundit-historical-v1
b89cd1d5-4d78-5156-b002-aa6d4a69e719,"DRAKE ST & RICHARDS ST, VANCOUVER",49.274827,-123.125829,2022,5,8,last_year,roundit-historical-v1
b8aa361f-b21f-56e6-8a34-b5241a8d7b47,"MANITOBA ST & W 4TH AVE, VANCOUVER",49.267409,-123.106675,2022,6,3,last_year,roundit-historical-v1
b8bb350b-479f-5b39-b992-1a41e479533d,"E 20TH AVE & MAIN ST, VANCOUVER",49.252708,-123.100937,2022,4,8,last_year,roundit-historical-v1
b8c337a5-d551-52fb-8cec-f7f7cfbe0d38,"MAPLE ST & W 5TH AVE, VANCOUVER",49.267216,-123.150419,2022,2,4,last_year,roundit-historical-v1
b8c3d57c-074e-51c6-9fc9-bae9aa95000f,"GRANVILLE ST & NELSON ST, VANCOUVER",49.279252,-123.12304,2022,28,36,last_year,roundit-historical-v1
b8f2f4ae-7deb-506a-bdc1-ae5d18696bd2,"E BROADWAY & LAKEWOOD DR, VANCOUVER",49.26226,-123.06203,2022,11,9,last_year,roundit-historical-v1
b905c682-4ad1-5728-be7d-c9934e5bb8f0,"GRANVILLE ST & W 66TH AVE, VANCOUVER",49.211372,-123.140432,2022,7,15,last_year,roundit-historical-v1
b962f466-380e-5c98-b7b1-18ceab91aaf9,"KNIGHT ST & SE MARINE DR OFFRAMP, VANCOUVER",49.211079,-123.077129,2022,1,8,last_year,roundit-historical-v1
b98aa961-d996-58c8-8045-b117546da2fe,"BUTE ST & W GEORGIA ST, VANCOUVER",49.287135,-123.12533,2022,19,32,last_year,roundit-historical-v1
b98b8734-8350-5442-9c28-f912e5c64cae,"ADANAC ST & MCLEAN DR, VANCOUVER",49.277638,-123.074142,2022,2,2,last_year,roundit-historical-v1
b99e9295-caf3-5878-9e6b-8c64e6e1e812,"E BROADWAY & GUELPH ST, VANCOUVER",49.262518,-123.094952,2022,5,4,last_year,roundit-historical-v1
b9a3d2b1-e74d-5a89-8fa7-1d94d8f394e2,"DUNSMUIR ST & RICHARDS ST, VANCOUVER",49.282367,-123.114455,2022,18,19,last_year,roundit-historical-v1
b9ca118d-4562-569e-9c68-791b6b7caf2c,"DUNSMUIR ST & MELVILLE ST, VANCOUVER",49.286089,-123.121124,2022,7,5,last_year,roundit-historical-v1
b9e95e93-9482-55f7-a560-a04c6210eec9,"CLARENDON ST & E 41ST AVE, VANCOUVER",49.232812,-123.05548,2022,40,34,last_year,roundit-historical-v1
b9f1b4b4-9998-5525-bf66-dc1f9c8e7b4b,"MARINE WAY & RIVER DISTRICT CROSSING, VANCOUVER",49.206832,-123.030864,2022,4,12,last_year,roundit-historical-v1
ba2aa32c-bfd6-5787-8b47-42fd25c186c1,"GRAVELEY ST & RENFREW ST, VANCOUVER",49.270411,-123.044203,2022,1,7,last_year,roundit-historical-v1
ba39eae2-6fd8-5734-9e08-3fb20f186aca,"E BROADWAY & ST GEORGE ST, VANCOUVER",49.262505,-123.093,2022,9,19,last_year,roundit-historical-v1
ba45bbf7-21e5-560c-8413-6c94d7b87678,"TRAFALGAR ST & W 12TH AVE, VANCOUVER",49.261187,-123.164778,2022,5,6,last_year,roundit-historical-v1
ba51e014-89e2-5297-a41d-88bc7b059580,"ABERDEEN ST & KINGSWAY, VANCOUVER",49.232097,-123.028143,2022,11,18,last_year,roundit-historical-v1
ba5d1cab-672f-53aa-8416-6ed37c158598,"ADERA ST & SW MARINE DR, VANCOUVER",49.208571,-123.143732,2022,1,3,last_year,roundit-historical-v1
ba66645d-3f47-56c5-b4c9-798b45ceb5de,"BUSCOMBE ST & SE MARINE DR, VANCOUVER",49.211063,-123.095348,2022,1,3,last_year,roundit-historical-v1
ba6682cf-7de7-5874-9750-5f60ef4ab5b6,"DUNBAR ST & W 27TH AVE, VANCOUVER",49.248074,-123.185231,2022,11,8,last_year,roundit-historical-v1
ba81c170-96d0-5bf3-b561-81d4b0269395,"E 1ST AVE & SALSBURY DR, VANCOUVER",49.26956,-123.06772,2022,8,3,last_year,roundit-historical-v1
bac41281-cfc8-59dc-bc15-0881efa1c0c2,"CORNWALL AVE & LARCH ST, VANCOUVER",49.272694,-123.162103,2022,2,6,last_year,roundit-historical-v1
bae1bc83-e077-5b3a-a471-959aab429bd1,"E GEORGIA ST & MAIN ST, VANCOUVER",49.278609,-123.099769,2022,7,10,last_year,roundit-historical-v1
baf825c6-f416-5ea3-9941-a1925f1a9f7e,"BURRARD ST & W 11TH AVE, VANCOUVER",49.261827,-123.145828,2022,3,6,last_year,roundit-historical-v1
bb08d23f-5c1a-5bfe-8542-2318b646a949,"E 1ST AVE & SLOCAN ST, VANCOUVER",49.269481,-123.049447,2022,11,8,last_year,roundit-historical-v1
bb175471-53fb-508b-abd1-57d3e9bb0916,"E 30TH AVE & ONTARIO ST, VANCOUVER",49.24337,-123.105255,2022,1,1,last_year,roundit-historical-v1
bb204c02-257b-599a-9fdd-bbe9994adcca,"E 49TH AVE & GLADSTONE ST, VANCOUVER",49.225113,-123.062365,2022,1,3,last_year,roundit-historical-v1
bb51d9ae-c307-56d4-92d2-b0bd1362695b,"ADANAC ST & CLARK DR, VANCOUVER",49.277667,-123.077246,2022,8,9,last_year,roundit-historical-v1
bbb8f34e-e1f9-5dd8-ad0b-7727b179045c,"ALBERTA ST & W 49TH AVE, VANCOUVER",49.225952,-123.112951,2022,7,3,last_year,roundit-historical-v1
bbd74cba-6971-5806-97ab-191ce391cf64,"E 12TH AVE & WATSON ST, VANCOUVER",49.260192,-123.100446,2022,3,3,last_year,roundit-historical-v1
bbe0deba-c377-5b16-ba72-f3a0b2fa3919,"EARLES ST & KINGSWAY, VANCOUVER",49.237566,-123.048809,2022,24,27,last_year,roundit-historical-v1
bbe4f64f-0dd7-56e9-ae59-e2cf3dcb8a94,"GRANVILLE ST & W 16TH AVE, VANCOUVER",49.257053,-123.138793,2022,71,95,last_year,roundit-historical-v1
bbf0acbc-573c-5e64-9996-3db8fe387e97,"E 29TH AVE & WINDERMERE ST, VANCOUVER",49.244518,-123.036658,2022,1,3,last_year,roundit-historical-v1
bbf91577-1ed4-5d06-a9cd-362a34fd3a97,"CONTINENTAL ST & DRAKE ST, VANCOUVER",49.276458,-123.128326,2022,2,3,last_year,roundit-historical-v1
bc10ef3c-f5bb-509a-8e6a-5395506a6c69,"E 2ND AVE & LORNE ST, VANCOUVER",49.268626,-123.099629,2022,2,4,last_year,roundit-historical-v1
bc4ca8fd-2fcd-57db-b191-f25086554f13,"PACIFIC ST & RICHARDS ST, VANCOUVER",49.273771,-123.127463,2022,11,10,last_year,roundit-historical-v1
bc5fcc9a-e851-5027-8e8d-06998817a671,"CAMBRIDGE ST & N BOUNDARY RD, VANCOUVER",49.286634,-123.023416,2022,1,2,last_year,roundit-historical-v1
bc7a4cde-6569-5ac3-b75c-e21f8cf6e87e,"E 54TH AVE & ST GEORGE ST, VANCOUVER",49.220912,-123.094206,2022,1,1,last_year,roundit-historical-v1
bc8a3041-8cfd-506b-9020-ab380decec93,"ONTARIO ST & SE MARINE DR, VANCOUVER",49.212334,-123.106574,2022,10,11,last_year,roundit-historical-v1
bc9bad93-ad99-58f5-9877-830d9218fcb2,"OAK ST & W 37TH AVE, VANCOUVER",49.237648,-123.127951,2022,28,41,last_year,roundit-historical-v1
bca2730d-cd8a-5020-916b-d8c0ca189d50,"CARRALL ST & W PENDER ST, VANCOUVER",49.280492,-123.104378,2022,12,5,last_year,roundit-historical-v1
bca659db-4c0d-5315-8941-b35caad1dfce,"E 60TH AVE & MAIN ST, VANCOUVER",49.215818,-123.101991,2022,3,3,last_year,roundit-historical-v1
bcb90f09-fe79-5e95-88be-a7bbfc13a3d6,"CAMBIE ST BRIDGE & PACIFIC BLVD OFFRAMP, VANCOUVER",49.27315,-123.114704,2022,1,3,last_year,roundit-historical-v1
bcba5c71-7d32-5911-b009-06ee00ac8c07,"ANDERSON ST & CARTWRIGHT ST, VANCOUVER",49.270629,-123.136053,2022,1,3,last_year,roundit-historical-v1
bcd2f516-b505-5e39-b89a-09c4f59c2a13,"E BROADWAY & RUPERT ST, VANCOUVER",49.261898,-123.033733,2022,51,63,last_year,roundit-historical-v1
bce790ed-135d-571d-9ec8-67b3d83d33b2,"MANITOBA ST & W 5TH AVE, VANCOUVER",49.266529,-123.106688,2022,4,8,last_year,roundit-historical-v1
bd58a096-dcfb-5d5d-a85d-a14c6a3ce409,"DUNBAR ST & W 29TH AVE, VANCOUVER",49.246166,-123.185255,2022,7,8,last_year,roundit-historical-v1
bd7d338c-ea4b-55d8-b8f6-f1cb4b639c66,"BURRARD ST & W 16TH AVE, VANCOUVER",49.257179,-123.145979,2022,21,16,last_year,roundit-historical-v1
bdae2445-8c1e-5a28-8528-411dffa49e00,"CAMBIE ST & W 25TH AVE, VANCOUVER",49.248986,-123.115396,2022,3,2,last_year,roundit-historical-v1
bdef27ea-b744-5bde-9a92-6467d482dfdf,"LAUREL ST & W 12TH AVE, VANCOUVER",49.260572,-123.125443,2022,40,25,last_year,roundit-historical-v1
be0ddce6-63d2-5df0-8a48-6fe9cb5e5bc4,"E 41ST AVE & NANAIMO ST, VANCOUVER",49.232833,-123.058867,2022,25,22,last_year,roundit-historical-v1
be40d51c-da68-59c6-8031-3dd90e253f24,"HOWE ST & W CORDOVA ST, VANCOUVER",49.286609,-123.113865,2022,9,8,last_year,roundit-historical-v1
be4f0b1b-5098-5f48-8d36-6019beba8f16,"CAMBIE ST & W 29TH AVE, VANCOUVER",49.245163,-123.115602,2022,19,27,last_year,roundit-historical-v1
be5d5c76-75ba-57d2-b156-23b5c740eee9,"E 21ST AVE & KNIGHT ST, VANCOUVER",49.251697,-123.075996,2022,4,4,last_year,roundit-historical-v1
be7790fb-7ad8-56eb-84a0-849122224c5b,"E PENDER ST & MAIN ST, VANCOUVER",49.280381,-123.099699,2022,46,30,last_year,roundit-historical-v1
be7a03af-1366-5ad8-bb93-173bca9e9a4c,"BURRARD ST & W 8TH AVE, VANCOUVER",49.264637,-123.145737,2022,4,7,last_year,roundit-historical-v1
beb73c56-0832-5ccb-8a98-cffb6408b370,"HUDSON ST & W 49TH AVE, VANCOUVER",49.226795,-123.135096,2022,1,2,last_year,roundit-historical-v1
bec14e3d-e179-5e6c-946a-5883d60dc5e1,"KNIGHT ST BRIDGE & SE MARINE DR ONRAMP, VANCOUVER",49.211079,-123.077129,2022,10,6,last_year,roundit-historical-v1
bf050cfa-e627-5f12-96db-bdd87b895a7a,"HOWE ST & W PENDER ST, VANCOUVER",49.285277,-123.115844,2022,11,27,last_year,roundit-historical-v1
bfeee0ff-314c-52f7-994d-33b20de08440,"SE MARINE DR & SHERBROOKE ST, VANCOUVER",49.211113,-123.0821,2022,5,5,last_year,roundit-historical-v1
bffbd6bb-b19d-51e7-9d52-37a854720b3e,"E 52ND AVE & FRASER ST, VANCOUVER",49.222717,-123.090841,2022,4,7,last_year,roundit-historical-v1
c000b60d-cb66-522d-b5aa-a9de02895f66,"COMMERCIAL DR & E 1ST AVE, VANCOUVER",49.269586,-123.069675,2022,68,68,last_year,roundit-historical-v1
c0435313-338b-592c-82d1-98ab8a47aa84,"E KING EDWARD AVE & ONTARIO ST, VANCOUVER",49.248844,-123.104993,2022,2,2,last_year,roundit-historical-v1
c04721c3-f774-5131-a20c-e649b0e727bd,"ALEXANDER ST & DUNLEVY AVE, VANCOUVER",49.284016,-123.095293,2022,2,4,last_year,roundit-historical-v1
c06c6b58-01b7-5f82-85cd-32260323f64e,"W 10TH AVE & YUKON ST, VANCOUVER",49.262208,-123.112913,2022,4,6,last_year,roundit-historical-v1
c09e51b2-d43a-58ed-9b85-bbe2c0f891dc,"MANITOBA ST & W 6TH AVE, VANCOUVER",49.265603,-123.106753,2022,1,7,last_year,roundit-historical-v1
c0c57966-75da-5c6a-ad64-4c1659808031,"E 50TH AVE & FRASER ST, VANCOUVER",49.224517,-123.090805,2022,18,19,last_year,roundit-historical-v1
c0c6e02f-06a6-574a-8ca8-f2444c35d022,"E 61ST AVE & PRINCE ALBERT ST, VANCOUVER",49.214765,-123.087923,2022,2,1,last_year,roundit-historical-v1
c0f112e5-abab-5a7f-8c1a-1822c6fd0932,"KINGSWAY & SENLAC ST, VANCOUVER",49.232774,-123.033232,2022,5,7,last_year,roundit-historical-v1
c0f56ba7-c0a4-599c-bcba-7fd4be8855ea,"LAUREL ST & W 8TH AVE, VANCOUVER",49.264288,-123.124138,2022,9,8,last_year,roundit-historical-v1
c10a7a64-fbcd-5173-877c-c6eedf51ac33,"PACIFIC ST & THURLOW ST, VANCOUVER",49.278256,-123.134424,2022,11,11,last_year,roundit-historical-v1
c11013ec-4eb6-5263-9d08-c7d228fb7b48,"EXPO BLVD & PACIFIC BLVD, VANCOUVER",49.274554,-123.119271,2022,3,4,last_year,roundit-historical-v1
c12e684e-78ef-5268-9a9c-7a6ae483d44c,"E 10TH AVE & FRASER ST, VANCOUVER",49.261517,-123.089152,2022,6,9,last_year,roundit-historical-v1
c149a8b9-6925-5744-a877-7e5dd3f71cc8,"MAPLE ST & W 43RD AVE, VANCOUVER",49.232655,-123.152113,2022,9,5,last_year,roundit-historical-v1
c1962bfc-dcce-5eb6-a446-66706e8ca3c2,"CARDERO ST & DAVIE ST, VANCOUVER",49.285223,-123.13867,2022,10,12,last_year,roundit-historical-v1
c1fd57a9-ea5b-5aea-9fc3-571d7f45cf71,"HEMLOCK ST & W 15TH AVE, VANCOUVER",49.257963,-123.136307,2022,9,15,last_year,roundit-historical-v1
c228d1a1-bb5f-5432-9c73-059ae1d852b4,"W 12TH AVE & YEW ST, VANCOUVER",49.261035,-123.155419,2022,4,1,last_year,roundit-historical-v1
c22c8b07-5e0e-5b4f-95cd-afeb19cb8815,"SE MARINE DR & SOPHIA ST, VANCOUVER",49.210781,-123.100324,2022,1,3,last_year,roundit-historical-v1
c2305fc5-46ac-5660-8ba8-06544399f634,"GRANVILLE ST & W 26TH AVE, VANCOUVER",49.248332,-123.139148,2022,9,13,last_year,roundit-historical-v1
c23458b6-0035-5f30-bce2-5c84dd49c9e4,"CARRALL ST & E HASTINGS ST, VANCOUVER",49.281474,-123.104327,2022,10,8,last_year,roundit-historical-v1
c2386b30-08eb-5e78-b5b7-39d2fcd7180a,"E 2ND AVE & VICTORIA DR, VANCOUVER",49.268669,-123.065784,2022,7,6,last_year,roundit-historical-v1
c24c1b9b-8a3f-594c-a793-d18a01b216a7,"E PENDER ST & SKEENA ST, VANCOUVER",49.280211,-123.02833,2022,3,10,last_year,roundit-historical-v1
c250dc9b-aa82-5dd0-93e5-437644f0e172,"LAUREL ST & W 6TH AVE, VANCOUVER",49.265947,-123.124076,2022,6,7,last_year,roundit-historical-v1
c26ff134-a2ad-5669-a27a-71f7bb5588e1,"E 27TH AVE & FRASER ST, VANCOUVER",49.246618,-123.090194,2022,14,14,last_year,roundit-historical-v1
c29e34ef-501e-5d89-b249-90c37e42edcf,"DAVIE ST & JERVIS ST, VANCOUVER",49.28281,-123.134916,2022,11,3,last_year,roundit-historical-v1
c2a9e57f-71f4-5f5b-9f4d-6901d93b9e6b,"E HASTINGS ST & KASLO ST, VANCOUVER",49.281154,-123.046659,2022,31,47,last_year,roundit-historical-v1
c2b1ecb3-5488-5ea7-9ae0-42c193a76c23,"DUNSMUIR VIADUCT & EXPO BLVD, VANCOUVER",49.278657,-123.108698,2022,1,2,last_year,roundit-historical-v1
c2d505f6-7737-55b8-8a40-7d79474b2c40,"BURRARD ST & COMOX ST, VANCOUVER",49.280479,-123.127078,2022,9,4,last_year,roundit-historical-v1
c3393507-c59d-553e-8502-fe49dddef5f1,"E 12TH AVE & ST GEORGE ST, VANCOUVER",49.259765,-123.093051,2022,5,11,last_year,roundit-historical-v1
c3dacdd8-6413-561a-982f-176c4ff137ff,"E 62ND AVE & FRASER ST, VANCOUVER",49.214064,-123.091071,2022,4,3,last_year,roundit-historical-v1
c3eeb60c-6243-5f51-958d-94db9d6e7245,"BARNARD ST & SW MARINE DR, VANCOUVER",49.208582,-123.145162,2022,5,7,last_year,roundit-historical-v1
c42c782b-ce31-5206-a62f-5933d86777f4,"E 49TH AVE & KERR ST, VANCOUVER",49.224712,-123.041049,2022,31,33,last_year,roundit-historical-v1
c44fd3cc-d9d0-57db-b20f-85644160f133,"GRANDVIEW HWY S & SLOCAN ST, VANCOUVER",49.257884,-123.049573,2022,2,3,last_year,roundit-historical-v1
c469c540-d5ec-54a6-bcf0-9400535f379c,"ALEXANDER ST & GORE AVE, VANCOUVER",49.284067,-123.097836,2022,1,2,last_year,roundit-historical-v1
c499b2cc-1fc0-5dc4-900b-63d00334c356,"OAK ST & W 67TH AVE, VANCOUVER",49.210743,-123.130188,2022,35,27,last_year,roundit-historical-v1
c4c66735-02f4-5219-841d-49de52d4a13b,"CARNARVON ST & W BROADWAY, VANCOUVER",49.264141,-123.172058,2022,5,9,last_year,roundit-historical-v1
c4f07f3a-ba98-5c20-b31e-80dc54f64243,"HEMLOCK ST & MARPOLE AVE, VANCOUVER",49.257963,-123.136307,2022,6,2,last_year,roundit-historical-v1
c4f4c16e-717e-5996-a8ff-eec8509401cd,"CAMBIE ST & SMITHE ST, VANCOUVER",49.277167,-123.116587,2022,20,12,last_year,roundit-historical-v1
c544b966-811a-5f6f-9d13-aa24d0b94a97,"EXPO BLVD & QUEBEC ST, VANCOUVER",49.276605,-123.102299,2022,3,3,last_year,roundit-historical-v1
c5473938-526f-5299-ae30-a1f80ada27ff,"STEPHENS ST & W 16TH AVE, VANCOUVER",49.257639,-123.166496,2022,3,2,last_year,roundit-historical-v1
c56afd07-671c-536b-ae65-71799f99a1a5,"KINGSWAY & MELBOURNE ST, VANCOUVER",49.232041,-123.029267,2022,3,11,last_year,roundit-historical-v1
c5a2a4c2-dc25-5dbb-b916-5c5153acb77b,"E 26TH AVE & FRASER ST, VANCOUVER",49.247611,-123.090166,2022,7,10,last_year,roundit-historical-v1
c5bbe1f7-e5e2-5618-a05f-f1363770c290,"E 25TH AVE & KNIGHT ST, VANCOUVER",49.248512,-123.076075,2022,2,1,last_year,roundit-historical-v1
c5fe206a-a965-54c5-8556-8994fe351f42,"FRANKLIN ST & KAMLOOPS ST, VANCOUVER",49.282068,-123.05458,2022,2,3,last_year,roundit-historical-v1
c6314557-6bb3-5f82-b08a-d4bc61e186a6,"MILROSS AVE & QUEBEC ST, VANCOUVER",49.276079,-123.10212,2022,3,2,last_year,roundit-historical-v1
c65b6f83-87c6-5f60-99ae-5fbeb82d4c5d,"PINE ST & W 3RD AVE, VANCOUVER",49.268864,-123.143206,2022,3,4,last_year,roundit-historical-v1
c667e478-98be-5006-bbe0-4d4c9d509a25,"MAPLE ST & W 10TH AVE, VANCOUVER",49.262824,-123.150574,2022,3,2,last_year,roundit-historical-v1
c6abd564-0389-56d5-86c4-ad421b13d138,"HORNBY ST & ROBSON ST, VANCOUVER",49.282643,-123.12176,2022,5,11,last_year,roundit-historical-v1
c6bf7096-1eb8-5356-9e19-b002fe277611,"ONTARIO ST & W 6TH AVE, VANCOUVER",49.265564,-123.104788,2022,1,1,last_year,roundit-historical-v1
c6cb3c32-0a7a-501a-aaeb-ac8ec800d689,"GRAVELEY ST & VICTORIA DR, VANCOUVER",49.27047,-123.065753,2022,4,1,last_year,roundit-historical-v1
c6dfc911-4273-5f04-8c72-22ae465c2f31,"RUPERT ST & WORTHINGTON DR, VANCOUVER",49.25641,-123.033792,2022,6,4,last_year,roundit-historical-v1
c6e27703-725a-5c3b-8fdd-caeb377cae3c,"JERVIS ST & W GEORGIA ST, VANCOUVER",49.288136,-123.126873,2022,43,33,last_year,roundit-historical-v1
c6ee5696-0517-5ac4-a519-de751a0b4830,"E 63RD AVE & ROSS ST, VANCOUVER",49.212868,-123.083159,2022,1,1,last_year,roundit-historical-v1
c726360f-7175-5d62-b4ca-652e96f32a44,"CYPRESS ST & W 41ST AVE, VANCOUVER",49.234485,-123.149229,2022,2,3,last_year,roundit-historical-v1
c7321732-2588-5e64-b809-c6e5e304214d,"COLLINGWOOD ST & W 4TH AVE, VANCOUVER",49.268561,-123.181736,2022,14,9,last_year,roundit-historical-v1
c7b0b1e7-525d-57f2-82a0-9f135fe8149e,"SW MARINE DR & W 57TH AVE, VANCOUVER",49.219535,-123.158542,2022,5,11,last_year,roundit-historical-v1
c7dc2153-d11d-57d6-86b1-580aa2b522dc,"E 31ST AVE & VICTORIA DR, VANCOUVER",49.242826,-123.065268,2022,7,3,last_year,roundit-historical-v1
c869d4b7-9f0c-525b-9ce0-5e5c49f2460d,"E 41ST AVE & STIRLING ST, VANCOUVER",49.232855,-123.060452,2022,3,3,last_year,roundit-historical-v1
c8b3c67d-f7d5-526a-97b5-68eef7f912b1,"KINGSWAY & VICTORIA DR, VANCOUVER",49.245143,-123.065173,2022,104,96,last_year,roundit-historical-v1
c8b4ef30-92d2-58ac-8594-4a8ae45c99fd,"E 33RD AVE & NANAIMO ST, VANCOUVER",49.239791,-123.058711,2022,16,37,last_year,roundit-historical-v1
c8e96c38-add5-51ed-914c-8909a58ecc1c,"BALDWIN ST & KINGSWAY, VANCOUVER",49.242353,-123.059161,2022,3,4,last_year,roundit-historical-v1
c90fc5b3-44bd-5786-b390-41e20ede4cda,"ASH ST & W 6TH AVE, VANCOUVER",49.265893,-123.117416,2022,9,9,last_year,roundit-historical-v1
c942cf38-be60-5dca-9d0e-f2ee16150cc4,"OAK ST & W 20TH AVE, VANCOUVER",49.253529,-123.127368,2022,6,3,last_year,roundit-historical-v1
c9612f0b-3bd3-51df-b6aa-a790c1d7afac,"DUNDAS ST & WALL ST, VANCOUVER",49.284806,-123.063552,2022,4,8,last_year,roundit-historical-v1
c9bf6021-dec7-5475-bf85-dfd1f28b04d6,"BROUGHTON ST & ROBSON ST, VANCOUVER",49.287918,-123.129948,2022,6,8,last_year,roundit-historical-v1
ca05652e-3a30-5453-b010-6394eb647286,"CAMBIE ST & WATER ST, VANCOUVER",49.28431,-123.108822,2022,3,13,last_year,roundit-historical-v1
ca161e2d-5c7d-5d4e-a98e-fefffef8acc3,"DUNBAR ST & W 28TH AVE, VANCOUVER",49.247125,-123.185261,2022,4,5,last_year,roundit-historical-v1
ca486af4-2a71-580c-8cbe-4e2aaef46813,"FREMLIN ST & SW MARINE DR, VANCOUVER",49.205766,-123.127605,2022,4,11,last_year,roundit-historical-v1
ca5ec0b6-2b06-5ee7-bc91-60c7c9a34434,"BIDWELL ST & NELSON ST, VANCOUVER",49.288355,-123.13708,2022,4,4,last_year,roundit-historical-v1
ca907143-ca4c-592c-8915-3b2d3f37d1c0,"KINGSWAY & RHODES ST, VANCOUVER",49.23827,-123.050316,2022,3,4,last_year,roundit-historical-v1
cb110570-4e8d-5f28-a6fd-a6aeaa66ec20,"E 6TH AVE & KEITH DR, VANCOUVER",49.265199,-123.079402,2022,4,1,last_year,roundit-historical-v1
cb2d9c30-b5f9-5542-96d5-dd1e128e0d11,"W 5TH AVE & YEW ST, VANCOUVER",49.267289,-123.155184,2022,2,3,last_year,roundit-historical-v1
cb4f0a49-ca94-5a5b-ada7-86808c69072d,"CARDERO ST & ROBSON ST, VANCOUVER",49.289416,-123.132281,2022,11,10,last_year,roundit-historical-v1
cb52966c-81cf-59b7-921a-592b6fb4674c,"CAMBIE ST & W KING EDWARD AVE, VANCOUVER",49.248986,-123.115396,2022,41,45,last_year,roundit-historical-v1
cb72746f-7bc0-5e82-ab91-20aa9be3ddfb,"E 22ND AVE & WELWYN ST, VANCOUVER",49.250341,-123.069874,2022,1,2,last_year,roundit-historical-v1
cb8399f1-2b62-5938-add6-0a09b02226a8,"CAMBIE ST & W CORDOVA ST, VANCOUVER",49.283537,-123.109152,2022,13,14,last_year,roundit-historical-v1
cb83f1a6-7f36-51a2-af72-820d101fd369,"VINE ST & W 2ND AVE, VANCOUVER",49.269974,-123.157444,2022,5,1,last_year,roundit-historical-v1
cbca88e4-c3d8-5974-92ec-dc432652d7b5,"E BROADWAY & KINGSWAY, VANCOUVER",49.26287,-123.099528,2022,36,41,last_year,roundit-historical-v1
cc40f029-8311-545a-8264-0d0a643ca234,"COMMERCIAL DR & WILLIAM ST, VANCOUVER",49.273951,-123.069559,2022,11,8,last_year,roundit-historical-v1
cc6ee094-7880-5f12-854c-d6df41fe71e8,"SEYMOUR ST & W CORDOVA ST, VANCOUVER",49.285326,-123.111852,2022,5,6,last_year,roundit-historical-v1
cc75e4e0-e57a-557e-964a-9e4d5add0609,"KINGSWAY & PRINCE ALBERT ST, VANCOUVER",49.255544,-123.087472,2022,1,2,last_year,roundit-historical-v1
cc9d4252-6efe-5bc5-ad2b-3a39f43e72c8,"E 1ST AVE & LAKEWOOD DR, VANCOUVER",49.269534,-123.061901,2022,11,16,last_year,roundit-historical-v1
cca5b966-4fd4-569b-accf-0b25db8b1a09,"BURRARD ST & PACIFIC ST, VANCOUVER",49.276971,-123.132435,2022,29,43,last_year,roundit-historical-v1
ccd24ca8-25a3-5c1b-8449-8c79b26c53f2,"E KENT AVE N & KERR ST, VANCOUVER",49.206787,-123.042257,2022,2,2,last_year,roundit-historical-v1
cd036791-9f95-5936-9089-b3b431a39e39,"PACIFIC ST & SEYMOUR ST, VANCOUVER",49.274389,-123.128397,2022,4,3,last_year,roundit-historical-v1
cd0c81bf-f1a4-57a6-a387-ceac465e33a6,"FREMLIN ST & W 49TH AVE, VANCOUVER",49.226485,-123.126648,2022,3,3,last_year,roundit-historical-v1
cd384105-f399-5500-9f9b-51226bdc503d,"MACDONALD ST & W 16TH AVE, VANCOUVER",49.257668,-123.168378,2022,32,39,last_year,roundit-historical-v1
cd39f0d2-36b4-5ae7-963f-1cfb581bdcf4,"HOWE ST & PACIFIC ST, VANCOUVER",49.275682,-123.130429,2022,19,28,last_year,roundit-historical-v1
cd3d76e6-4141-5444-a11e-fb4d66b7bcfe,"E 22ND AVE & VICTORIA DR, VANCOUVER",49.250266,-123.065031,2022,4,8,last_year,roundit-historical-v1
cd3f1d20-8094-53e4-813c-dec48d716381,"E 49TH AVE & ST CATHERINES ST, VANCOUVER",49.225407,-123.086624,2022,4,3,last_year,roundit-historical-v1
cd47b2de-67a3-5633-b291-ed818848b8c0,"COLLINGWOOD ST & W BROADWAY, VANCOUVER",49.264303,-123.181856,2022,3,3,last_year,roundit-historical-v1
cd4ff90f-813e-5ddf-9b1f-ae45cfdb780f,"E 10TH AVE & ONTARIO ST, VANCOUVER",49.262072,-123.104917,2022,1,1,last_year,roundit-historical-v1
cdad798b-3282-57c4-8750-0d7c1f247135,"DRAKE ST & SEYMOUR ST, VANCOUVER",49.275452,-123.126773,2022,21,23,last_year,roundit-historical-v1
cdbae728-feff-5e34-9e69-5356572bd0e3,"CAMBIE ST & W 18TH AVE, VANCOUVER",49.254903,-123.11516,2022,29,17,last_year,roundit-historical-v1
cdc8044a-82f2-5950-ba9d-1fea0e692792,"TAYLOR ST & W PENDER ST, VANCOUVER",49.280709,-123.105595,2022,6,2,last_year,roundit-historical-v1
cdcfc202-cbdf-5bc3-82dc-ae14728c936e,"CAMBIE ST & W 42ND AVE, VANCOUVER",49.232534,-123.11607,2022,4,2,last_year,roundit-historical-v1
ce33a138-8841-50f3-8223-95ed4fa1c83c,"CONNAUGHT DR & GRANVILLE ST, VANCOUVER",49.24536,-123.139167,2022,8,4,last_year,roundit-historical-v1
ce3769e6-0c89-5672-a7e7-08173cc46343,"ANDERSON ST & W 4TH AVE, VANCOUVER",49.26819,-123.138372,2022,6,11,last_year,roundit-historical-v1
ce3d9c6a-6f9e-5e39-9ee8-f5827a7932a6,"W 8TH AVE & WILLOW ST, VANCOUVER",49.264231,-123.121794,2022,8,7,last_year,roundit-historical-v1
ce64a82f-6d66-5c23-974b-b564b618fad0,"DUNSMUIR ST & HAMILTON ST, VANCOUVER",49.281092,-123.112507,2022,5,2,last_year,roundit-historical-v1
cea0b89f-8d33-5996-925f-53bf53af2dc6,"W 7TH AVE & WILLOW ST, VANCOUVER",49.265083,-123.121774,2022,2,9,last_year,roundit-historical-v1
cef01b74-4e97-50c2-b6d3-c15b6c15361c,"E 3RD AVE & MAIN ST, VANCOUVER",49.268228,-123.100739,2022,5,6,last_year,roundit-historical-v1
cf024959-13bb-53a2-8d4e-ed4433330a25,"POINT GREY RD & WALLACE ST, VANCOUVER",49.271603,-123.189475,2022,2,2,last_year,roundit-historical-v1
cfa25922-e13c-52b5-92f1-adfec5633051,"E 54TH AVE & FRASER ST, VANCOUVER",49.22075,-123.090891,2022,4,1,last_year,roundit-historical-v1
cff7af5e-009b-593d-8a89-56082d950018,"HUDSON ST & W 72ND AVE, VANCOUVER",49.20571,-123.134687,2022,4,4,last_year,roundit-historical-v1
d033534e-0ea7-5b6d-a4dd-68749bc0d22a,"HEATHER ST & W 16TH AVE, VANCOUVER",49.256982,-123.120128,2022,5,6,last_year,roundit-historical-v1
d043aec4-b9cf-5888-b1cf-b957e6bb6de1,"RUPERT ST & VANNESS AVE, VANCOUVER",49.240697,-123.037758,2022,11,10,last_year,roundit-historical-v1
d0795dd8-3fea-5602-a420-6f7dbb03e450,"E 39TH AVE & VICTORIA DR, VANCOUVER",49.234917,-123.0655,2022,15,11,last_year,roundit-historical-v1
d07ee2dc-d0a8-5069-a3bb-962d6bcf144b,"GILFORD ST & W GEORGIA ST, VANCOUVER",49.293614,-123.135272,2022,6,7,last_year,roundit-historical-v1
d08f710a-e07c-5907-a0a0-f0c7a4d008fa,"CORNWALL AVE & MAPLE ST, VANCOUVER",49.272513,-123.150222,2022,11,9,last_year,roundit-historical-v1
d099572a-8ce2-58ed-a0d5-b2d852ee0b29,"BALACLAVA ST & W 7TH AVE, VANCOUVER",49.265866,-123.173931,2022,3,1,last_year,roundit-historical-v1
d0c5a8e6-aaea-534b-bff7-1f0ebef7845d,"PARKER ST & SALSBURY DR, VANCOUVER",49.275748,-123.067565,2022,1,1,last_year,roundit-historical-v1
d1076b17-e753-53f2-9b3f-aa93692ce376,"BEATRICE ST & E 55TH AVE, VANCOUVER",49.220334,-123.067197,2022,1,2,last_year,roundit-historical-v1
d16605b0-dec5-5ed4-b451-ae89f373b5db,"E 7TH AVE & KEITH DR, VANCOUVER",49.264251,-123.07941,2022,2,1,last_year,roundit-historical-v1
d16d595c-7c16-58f5-b902-78dd9c82c0ac,"W 6TH AVE & WILLOW ST, VANCOUVER",49.265877,-123.121747,2022,11,3,last_year,roundit-historical-v1
d18ac88a-d326-5022-b596-e58084028ba4,"BRUCE ST & E 41ST AVE, VANCOUVER",49.232618,-123.070111,2022,8,2,last_year,roundit-historical-v1
d1b3b31e-bc5b-5625-a996-c316f8ceddf6,"E 1ST AVE & SEMLIN DR, VANCOUVER",49.269566,-123.063806,2022,3,10,last_year,roundit-historical-v1
d1b6ff3d-f169-5d89-be74-1b112995a39f,"W 42ND AVE & WEST BOULEVARD, VANCOUVER",49.23358,-123.155564,2022,12,5,last_year,roundit-historical-v1
d1ca979a-1ef0-5a2c-93b7-5575e4aec2e1,"NANAIMO ST & WILLIAM ST, VANCOUVER",49.274154,-123.056579,2022,2,3,last_year,roundit-historical-v1
d1e4da6c-dc78-50a4-b06a-b2e092b5d881,"E 49TH AVE & FRASER ST, VANCOUVER",49.225442,-123.090711,2022,100,101,last_year,roundit-historical-v1
d1f24bc2-4bba-52ed-a752-b01c597759af,"KILLARNEY ST & KINGSWAY, VANCOUVER",49.236377,-123.045735,2022,7,10,last_year,roundit-historical-v1
d2008103-012d-57ca-ae71-a358bf9c5140,"MACDONALD ST & W 10TH AVE, VANCOUVER",49.263214,-123.168219,2022,4,6,last_year,roundit-historical-v1
d21eb212-9fbd-5d9c-b408-2b0a82209bc2,"DUNBAR ST & W 39TH AVE, VANCOUVER",49.236439,-123.185268,2022,2,1,last_year,roundit-historical-v1
d245585e-187c-5795-adc1-7f94a90b2e81,"ARBUTUS ST & W 15TH AVE, VANCOUVER",49.258215,-123.153076,2022,5,2,last_year,roundit-historical-v1
d297aefb-f307-5d65-97df-f24d680b0325,"W 41ST AVE & WILLOW ST, VANCOUVER",49.233812,-123.123875,2022,13,22,last_year,roundit-historical-v1
d2d8d416-3028-563d-9e5f-8e2f2eb150d6,"BROUGHTON ST & W PENDER ST, VANCOUVER",49.289568,-123.127447,2022,15,16,last_year,roundit-historical-v1
d2de8855-7ab7-5f4e-ba2b-8cc6dab47dde,"ARBUTUS ST & CORNWALL AVE, VANCOUVER",49.272549,-123.152601,2022,19,19,last_year,roundit-historical-v1
d30bda2c-8cb3-50c1-bf73-7bc7045d72d3,"COMMERCIAL DR & VICTORIA DIVERS, VANCOUVER",49.254248,-123.067997,2022,2,1,last_year,roundit-historical-v1
d3324442-2f16-5798-95c2-0ad08d825442,"ELLIOTT ST & WAVERLEY AVE, VANCOUVER",49.226764,-123.054664,2022,1,3,last_year,roundit-historical-v1
d34657c9-dc64-5623-8c60-c81aede500ff,"DUMFRIES ST & E 33RD AVE, VANCOUVER",49.240186,-123.07382,2022,6,8,last_year,roundit-historical-v1
d362d974-bf9a-59d2-b299-56ed78d71b15,"GEORGE ST & VENABLES ST, VANCOUVER",49.2768,-123.079983,2022,2,1,last_year,roundit-historical-v1
d395cfd6-9bb5-5520-8160-e8cc51ad74ec,"E 24TH AVE & RUPERT ST, VANCOUVER",49.248768,-123.033816,2022,6,6,last_year,roundit-historical-v1
d3c15bad-8f40-5cd9-9014-a9f368d24469,"HUDSON ST & W KING EDWARD AVE, VANCOUVER",49.249314,-123.134361,2022,2,2,last_year,roundit-historical-v1
d3c4403b-0603-5137-8ca3-f0aa7f13b797,"E 49TH AVE & INVERNESS ST, VANCOUVER",49.225331,-123.080049,2022,22,16,last_year,roundit-historical-v1
d3d29f41-6dda-5d63-9a72-1d8e6ba8de52,"E 49TH AVE & QUEBEC ST, VANCOUVER",49.225689,-123.103805,2022,3,3,last_year,roundit-historical-v1
d3fd3b01-ade0-55c5-9542-4d5c1886f26a,"W CORDOVA ST & WATER ST, VANCOUVER",49.284708,-123.110918,2022,2,3,last_year,roundit-historical-v1
d400d9d0-374d-53bb-9d3d-88d5530bf25f,"MARGUERITE ST & NANTON AVE, VANCOUVER",49.247506,-123.144728,2022,2,4,last_year,roundit-historical-v1
d426c5e3-6597-5795-bf09-7b38cff4f32e,"DUNLEVY AVE & E CORDOVA ST, VANCOUVER",49.282205,-123.095366,2022,5,3,last_year,roundit-historical-v1
d42bfb41-9cdb-5088-a011-c66a2c0d8ef7,"BAYSWATER ST & W 8TH AVE, VANCOUVER",49.265026,-123.171207,2022,1,3,last_year,roundit-historical-v1
d44dfeec-b5d1-5032-8ff0-f52edf531238,"E 19TH AVE & RUPERT ST, VANCOUVER",49.253145,-123.033804,2022,2,3,last_year,roundit-historical-v1
d45cb166-f6da-5969-bc21-41f5752e2ce8,"GRANT ST & NANAIMO ST, VANCOUVER",49.271282,-123.056593,2022,2,1,last_year,roundit-historical-v1
d4b9c525-90a7-582b-8858-c583bbf9efca,"E 49TH AVE & ELGIN ST, VANCOUVER",49.225386,-123.083865,2022,2,3,last_year,roundit-historical-v1
d4be54da-39af-5ce8-8271-f0e641cc4546,"KINGSWAY & NANAIMO ST, VANCOUVER",49.24187,-123.058123,2022,77,86,last_year,roundit-historical-v1
d50e94e9-5c46-5512-b381-9f05e162772e,"BROUGHTON ST & DAVIE ST, VANCOUVER",49.283711,-123.136303,2022,8,4,last_year,roundit-historical-v1
d53ae8fa-0820-54f6-9fff-2acf5f76abee,"CROWN ST & SW MARINE DR, VANCOUVER",49.233695,-123.193751,2022,5,7,last_year,roundit-historical-v1
d56b006f-d4de-5d32-89e9-3294a0997c2c,"NICOLA ST & W GEORGIA ST, VANCOUVER",49.289784,-123.129402,2022,19,15,last_year,roundit-historical-v1
d57b78f3-6fa3-5947-ba73-69c6c1579f70,"E 49TH AVE & PRINCE EDWARD ST, VANCOUVER",49.225587,-123.097514,2022,11,5,last_year,roundit-historical-v1
d57def6f-c6f4-5a09-b26f-39cbeb285bf8,"E 41ST AVE & LANARK ST, VANCOUVER",49.232731,-123.075681,2022,4,4,last_year,roundit-historical-v1
d5bbce4d-93d1-54a7-a3d9-a9895487470d,"BOUNDARY RD & E 11TH AVE, VANCOUVER",49.260096,-123.023778,2022,10,7,last_year,roundit-historical-v1
d5c7dbc3-b717-5bc0-b692-238f432f4004,"E HASTINGS ST & HAWKS AVE, VANCOUVER",49.281092,-123.087162,2022,5,10,last_year,roundit-historical-v1
d5caaffa-876b-5b86-aa4b-772f41d6927f,"ARBUTUS ST & W 6TH AVE, VANCOUVER",49.266409,-123.152837,2022,4,1,last_year,roundit-historical-v1
d5fa0a60-8e14-5aef-8fc9-5d506f62a13f,"ARBUTUS ST & W 37TH AVE, VANCOUVER",49.238291,-123.155447,2022,6,13,last_year,roundit-historical-v1
d65bd7dc-b868-5f25-ac3a-d37b2e0a04ef,"CYPRESS ST & WHYTE AVE, VANCOUVER",49.27533,-123.1477,2022,2,4,last_year,roundit-historical-v1
d66e0953-52a8-53c7-a5ec-3a9125ecdb5d,"BOUNDARY RD & E 29TH AVE, VANCOUVER",49.245123,-123.02379,2022,31,39,last_year,roundit-historical-v1
d677920f-fa7e-5fff-a30d-db67c1f5a483,"E 26TH AVE & NANAIMO ST, VANCOUVER",49.247107,-123.056654,2022,3,3,last_year,roundit-historical-v1
d6a79f51-863a-57ba-8c77-c69eef46a384,"E 22ND AVE & NANAIMO ST, VANCOUVER",49.250649,-123.056601,2022,6,23,last_year,roundit-historical-v1
d6d475ba-3189-50fc-bcf8-a904f2073b4f,"EARLES ST & EUCLID AVE, VANCOUVER",49.241182,-123.045389,2022,4,3,last_year,roundit-historical-v1
d6eb5f45-7a4a-53fc-ae0c-a2f39f99c8cb,"E 45TH AVE & TYNE ST, VANCOUVER",49.229235,-123.032147,2022,2,11,last_year,roundit-historical-v1
d6f5d8c4-c0d5-5fcc-b47f-0b3807c5a55c,"MAIN ST & NATIONAL AVE, VANCOUVER",49.274934,-123.099923,2022,23,26,last_year,roundit-historical-v1
d6f84d48-fe3c-5288-ace0-146eaf2a167b,"VINE ST & W 7TH AVE, VANCOUVER",49.265649,-123.157618,2022,1,2,last_year,roundit-historical-v1
d7109c60-26dd-57c1-a435-9c844d5160b7,"E GEORGIA ST & RENFREW ST, VANCOUVER",49.278277,-123.044098,2022,1,5,last_year,roundit-historical-v1
d72b3f02-574f-5b60-829f-887853e14520,"E 62ND AVE & PRINCE ALBERT ST, VANCOUVER",49.213886,-123.088029,2022,2,1,last_year,roundit-historical-v1
d7494746-47d9-5676-9226-5e8d02daa772,"E 33RD AVE & GLADSTONE ST, VANCOUVER",49.239786,-123.062889,2022,5,7,last_year,roundit-historical-v1
d74e3da3-2d53-54ed-8443-e936ba5dfedf,"CLARENDON ST & E 49TH AVE, VANCOUVER",49.224813,-123.056139,2022,5,6,last_year,roundit-historical-v1
d75752f6-0329-59cb-b672-abfb62d989ef,"DUNBAR ST & W 40TH AVE, VANCOUVER",49.2357,-123.185302,2022,3,3,last_year,roundit-historical-v1
d7717921-db41-5302-9dbb-01643b04d963,"PACIFIC BLVD & QUEBEC ST, VANCOUVER",49.276355,-123.10275,2022,3,4,last_year,roundit-historical-v1
d78b30f6-3dbf-5cd2-bfce-113072d2cf8a,"GRANVILLE ST & W 15TH AVE, VANCOUVER",49.258014,-123.138741,2022,16,22,last_year,roundit-historical-v1
d78c2cf4-fb86-5f57-9b78-4cfc477a5fe1,"E 15TH AVE & KINGSWAY, VANCOUVER",49.257282,-123.091119,2022,5,2,last_year,roundit-historical-v1
d795e84e-91a6-5937-a6cf-a4805cd0f461,"E PENDER ST & PENTICTON ST, VANCOUVER",49.280229,-123.051983,2022,2,2,last_year,roundit-historical-v1
d7b43b13-b076-540f-9d44-71be28c7995b,"VINE ST & W 10TH AVE, VANCOUVER",49.262931,-123.15767,2022,5,4,last_year,roundit-historical-v1
d7ca0682-27b7-5948-9dc2-1daab5a54945,"E 41ST AVE & SCHOOL AVE, VANCOUVER",49.233113,-123.037409,2022,3,5,last_year,roundit-historical-v1
d7eebbda-985e-5abb-b244-ba9407a5ce2f,"OAK ST & W 70TH AVE, VANCOUVER",49.208473,-123.130257,2022,72,77,last_year,roundit-historical-v1
d7fe6dce-a72e-5849-adde-50af12b7d40c,"ARBUTUS ST & W 49TH AVE, VANCOUVER",49.227157,-123.155104,2022,2,11,last_year,roundit-historical-v1
d8662ef4-8f3f-5386-8138-4246c09a2a31,"COLLINGWOOD ST & W 33RD AVE, VANCOUVER",49.242353,-123.181971,2022,2,6,last_year,roundit-historical-v1
d86d0de0-9cf5-5888-b25a-f052199e8ac6,"DURANLEAU ST & JOHNSTON ST, VANCOUVER",49.272653,-123.135932,2022,3,2,last_year,roundit-historical-v1
d8763ea8-67cc-520d-8490-5f1459578cbc,"CAMBIE ST & W 62ND AVE, VANCOUVER",49.214122,-123.117111,2022,1,1,last_year,roundit-historical-v1
d8866fd3-2b0e-5df3-b8b6-cd17c8c3a8f5,"ALBERT ST & BOUNDARY RD, VANCOUVER",49.282048,-123.023492,2022,4,4,last_year,roundit-historical-v1
d88aa3ea-387a-5cf5-9cd9-0a0b04abae01,"HEMLOCK ST & W 11TH AVE, VANCOUVER",49.261655,-123.136174,2022,5,11,last_year,roundit-historical-v1
d89736ad-8067-5de2-af98-a84ab9deee2f,"COMMERCIAL DR & FRANKLIN ST, VANCOUVER",49.282184,-123.070378,2022,4,4,last_year,roundit-historical-v1
d8b53f6b-d13f-5384-b6ec-637ef15aab37,"E 17TH AVE & KNIGHT ST, VANCOUVER",49.255316,-123.075924,2022,4,2,last_year,roundit-historical-v1
d8ce439a-e091-5fb6-a416-792f4e1b6aae,"E 22ND AVE & KASLO ST, VANCOUVER",49.250635,-123.047073,2022,4,3,last_year,roundit-historical-v1
d905b664-5faf-5707-831c-9cc6d7031a0a,"KINGSWAY & TYNE ST, VANCOUVER",49.232015,-123.031251,2022,43,60,last_year,roundit-historical-v1
d96a50cc-0fa1-56b4-afeb-697b233ad27d,"E 26TH AVE & RUPERT ST, VANCOUVER",49.247097,-123.033832,2022,1,5,last_year,roundit-historical-v1
d9822f9f-ff3d-517e-83ce-539f84b6c78a,"MACKENZIE ST & W BROADWAY, VANCOUVER",49.264093,-123.170073,2022,6,13,last_year,roundit-historical-v1
d9ac5ac6-ff30-56bc-9482-d39b101033e9,"E HASTINGS ST & SEMLIN DR, VANCOUVER",49.28119,-123.063634,2022,8,8,last_year,roundit-historical-v1
d9e5252e-0b9e-5ab6-99cc-b7dddb76ee89,"BALACLAVA ST & W BROADWAY, VANCOUVER",49.264173,-123.173993,2022,12,13,last_year,roundit-historical-v1
da1293d4-2a3d-584c-83d5-225bf1904366,"ONTARIO ST & W 12TH AVE, VANCOUVER",49.260247,-123.105031,2022,11,9,last_year,roundit-historical-v1
da151bf6-377e-5f59-9d89-fa2989698e64,"HELMCKEN ST & HOMER ST, VANCOUVER",49.276291,-123.121673,2022,6,9,last_year,roundit-historical-v1
da317d5f-f3ae-5cc8-ab58-2af032b1edb7,"E CORDOVA ST & JACKSON AVE, VANCOUVER",49.282177,-123.093384,2022,3,3,last_year,roundit-historical-v1
da65c1d1-7481-5983-9000-767e7b139796,"MACDONALD ST & W 2ND AVE, VANCOUVER",49.270143,-123.16822,2022,4,2,last_year,roundit-historical-v1
da66338d-cd08-55cd-946c-d2d7b861b67d,"E 3RD AVE & RUPERT ST, VANCOUVER",49.267558,-123.033705,2022,4,4,last_year,roundit-historical-v1
da670ad8-b6fc-5137-8ff1-a53980c82e92,"CORNWALL AVE & VINE ST, VANCOUVER",49.272622,-123.157361,2022,2,4,last_year,roundit-historical-v1
dac8ebc9-4bf3-5e60-b2fb-7b55e3068c77,"GRANVILLE ST & NANTON AVE, VANCOUVER",49.247416,-123.139168,2022,17,18,last_year,roundit-historical-v1
dade7477-7243-590e-b00f-4f92bbbfdbbb,"KULLAHUN DR & SW MARINE DR, VANCOUVER",49.237255,-123.205321,2022,4,4,last_year,roundit-historical-v1
db17b1c3-c785-56c6-a6f3-2bfd203211a5,"E 7TH AVE & NANAIMO ST, VANCOUVER",49.26401,-123.056599,2022,3,3,last_year,roundit-historical-v1
db34ebfb-3678-537f-b23f-0edc425c839d,"OAK ST & W 41ST AVE, VANCOUVER",49.233947,-123.128076,2022,70,82,last_year,roundit-historical-v1
db3baf5f-e69a-5923-a2b6-d1c68d75fdd9,"E PENDER ST & NANAIMO ST, VANCOUVER",49.280234,-123.056548,2022,3,6,last_year,roundit-historical-v1
db7c447d-0000-526f-9fc2-3e661aa42f01,"HEMLOCK ST & W 8TH AVE, VANCOUVER",49.264464,-123.136081,2022,13,12,last_year,roundit-historical-v1
db9b6a3f-72a8-5759-915c-66664d8a3208,"HWY 1A & TAYLOR ST, VANCOUVER",49.280709,-123.105595,2022,1,1,last_year,roundit-historical-v1
dbcb553f-ef13-52ad-8381-e7fb191794b8,"ALBERNI ST & BUTE ST, VANCOUVER",49.286748,-123.12592,2022,8,7,last_year,roundit-historical-v1
dc2773d0-1fdb-5b0c-b178-b87cbf69c494,"ARBUTUS ST & QUILCHENA CRES, VANCOUVER",49.24111,-123.154452,2022,1,1,last_year,roundit-historical-v1
dc7cc671-90d9-58de-b97a-f9f00ae46c37,"GRAVELEY ST & SALSBURY DR, VANCOUVER",49.270502,-123.067698,2022,2,2,last_year,roundit-historical-v1
dc8a1348-f435-50f6-8ff6-ea8a1c0716a3,"E 45TH AVE & FRASER ST, VANCOUVER",49.229163,-123.090633,2022,23,20,last_year,roundit-historical-v1
dcacde7f-c331-5423-9cab-4892e0df65af,"BURRARD ST & W 12TH AVE, VANCOUVER",49.260941,-123.145866,2022,36,44,last_year,roundit-historical-v1
dcb63248-adfc-59e9-b00d-14805f5b93ff,"JACKSON AVE & PRIOR ST, VANCOUVER",49.276672,-123.093626,2022,3,7,last_year,roundit-historical-v1
dcb75eaa-6c06-5866-94dd-8f6c6f8c981f,"BUTE ST & ROBSON ST, VANCOUVER",49.285973,-123.126958,2022,13,10,last_year,roundit-historical-v1
dcf47d06-ba16-5f1a-9ff8-f4afc16261a3,"E 2ND AVE & KASLO ST, VANCOUVER",49.268479,-123.046959,2022,2,2,last_year,roundit-historical-v1
dcfd49e7-7b1f-594f-9ddd-6b0ab091a00d,"DUNDAS ST & RENFREW ST, VANCOUVER",49.284775,-123.044002,2022,8,3,last_year,roundit-historical-v1
dd02365d-3f6a-59ae-88ce-6fa0daede417,"CYPRESS ST & W BROADWAY, VANCOUVER",49.263742,-123.148141,2022,4,8,last_year,roundit-historical-v1
dd0bcd3d-fc85-512b-bec9-afb9cc8092ed,"COTTON DR & E 1ST AVE, VANCOUVER",49.269601,-123.071574,2022,8,6,last_year,roundit-historical-v1
dd3b726d-9d93-5599-8111-8fba6e9138dc,"CROWE ST & W 2ND AVE, VANCOUVER",49.268259,-123.1115,2022,8,8,last_year,roundit-historical-v1
dd41f843-7980-50d7-88f4-214346fb61c1,"JERVIS ST & PACIFIC ST, VANCOUVER",49.28068,-123.138112,2022,4,5,last_year,roundit-historical-v1
dd48e4e7-52d9-56b3-8e8f-8041b092c157,"E 1ST AVE & QUEBEC ST, VANCOUVER",49.270157,-123.102714,2022,12,11,last_year,roundit-historical-v1
ddb06182-71a9-55c1-a952-666a3e1a9459,"E 29TH AVE & KNIGHT ST, VANCOUVER",49.244547,-123.076309,2022,5,7,last_year,roundit-historical-v1
de014b12-c332-5713-94f5-c9bf3d5da3db,"MCGILL ST & N PENTICTON ST, VANCOUVER",49.288715,-123.051941,2022,2,2,last_year,roundit-historical-v1
de0753dd-089f-5d9c-828d-afa59ebb8b91,"BOUNDARY RD & VANNESS AVE, VANCOUVER",49.234918,-123.023635,2022,22,15,last_year,roundit-historical-v1
dea39466-079a-51e8-9a77-3548ce4071a9,"ANDERSON ST & JOHNSTON ST, VANCOUVER",49.271914,-123.135012,2022,7,5,last_year,roundit-historical-v1
dedb2b58-11d4-5f2b-97b3-01738075a021,"BURRARD ST & DAVIE ST, VANCOUVER",49.279077,-123.129182,2022,90,59,last_year,roundit-historical-v1
def03a4b-8336-55ee-9b0f-5b90cc7d08c0,"ASH ST & W 10TH AVE, VANCOUVER",49.26228,-123.11757,2022,10,5,last_year,roundit-historical-v1
df63e889-d599-5779-8365-64e0be8c0593,"DRAKE ST & HORNBY ST, VANCOUVER",49.277355,-123.129722,2022,5,6,last_year,roundit-historical-v1
df70e088-660e-53e0-b9fa-ae0e1234bbf0,"E 54TH AVE & KILLARNEY ST, VANCOUVER",49.220197,-123.045942,2022,2,1,last_year,roundit-historical-v1
dfd15b5e-c2b2-5d89-9784-36d52aa2c21b,"E 19TH AVE & FRASER ST, VANCOUVER",49.253725,-123.089961,2022,6,4,last_year,roundit-historical-v1
dfdaf14c-40ca-5bfc-bb75-d92e0c80a0ab,"ALBERNI ST & THURLOW ST, VANCOUVER",49.28535,-123.123706,2022,22,25,last_year,roundit-historical-v1
e0434956-6e99-5db5-970a-94381029598b,"LARCH ST & W BROADWAY, VANCOUVER",49.263983,-123.16241,2022,6,9,last_year,roundit-historical-v1
e053e2e7-658e-5cf8-b216-6cdbe066b37c,"HAWKS AVE & POWELL ST, VANCOUVER",49.282954,-123.087072,2022,2,10,last_year,roundit-historical-v1
e05437a0-0669-558e-8fc0-7979edd5747b,"ARBUTUS ST & VALLEY DR, VANCOUVER",49.245181,-123.153329,2022,6,9,last_year,roundit-historical-v1
e08b8fcc-5160-5d94-92c4-5b5565031adb,"HARRISON DR & VICTORIA DR, VANCOUVER",49.210625,-123.066092,2022,3,3,last_year,roundit-historical-v1
e09c74c5-6d27-5627-a793-9011bcf7dc25,"OAK ST & W BROADWAY, VANCOUVER",49.263406,-123.126619,2022,37,41,last_year,roundit-historical-v1
e0f9cbbd-5360-5d54-bdca-dc4d99441e1e,"GRANVILLE ST & W 62ND AVE, VANCOUVER",49.21499,-123.140301,2022,4,8,last_year,roundit-historical-v1
e1039090-9cac-57b3-b802-58a3a62c31c2,"RICHARDS ST & SMITHE ST, VANCOUVER",49.279049,-123.119478,2022,25,30,last_year,roundit-historical-v1
e171986a-bb38-5a81-902b-26fc512545c0,"E 1ST AVE & HWY 1, VANCOUVER",49.26953,-123.027487,2022,61,60,last_year,roundit-historical-v1
e1c4ab36-8f5f-5dfc-b082-bbff6e1ce999,"EXPO BLVD & GRIFFITHS WAY, VANCOUVER",49.277891,-123.110374,2022,7,7,last_year,roundit-historical-v1
e1f5e4af-edf5-541f-a38d-2503e3114c99,"E 23RD AVE & NANAIMO ST, VANCOUVER",49.2497,-123.05662,2022,1,1,last_year,roundit-historical-v1
e1ff8287-aacd-5c6c-bb3c-f7667d277fe8,"E 63RD AVE & KNIGHT ST, VANCOUVER",49.21288,-123.077113,2022,28,33,last_year,roundit-historical-v1
e20712a5-5339-5173-8485-3f75a39f1017,"BROUGHTON ST & PENDRELL ST, VANCOUVER",49.284406,-123.135239,2022,6,1,last_year,roundit-historical-v1
e209115a-6e55-5841-856d-1eadb1f8490c,"JASPER CRES & VICTORIA DR, VANCOUVER",49.217161,-123.065956,2022,3,5,last_year,roundit-historical-v1
e240f4a2-219d-5c34-99d4-49825cc61073,"SW MARINE DR & YEW ST, VANCOUVER",49.222105,-123.159199,2022,6,4,last_year,roundit-historical-v1
e25c33f4-814f-5cbc-aab8-955a368cf501,"HORNBY ST & W HASTINGS ST, VANCOUVER",49.286605,-123.115827,2022,2,1,last_year,roundit-historical-v1
e2820289-2ac2-5a91-b3b5-8a6ade9203db,"E 11TH AVE & WINDSOR ST, VANCOUVER",49.260568,-123.08334,2022,1,1,last_year,roundit-historical-v1
e28fbda1-d925-5f4b-97b4-49f9c7e304c6,"DUNBAR ST & W 51ST AVE, VANCOUVER",49.225507,-123.185577,2022,1,1,last_year,roundit-historical-v1
e2bd931f-9974-5752-9b51-8a2653d02894,"ARBUTUS ST & W 16TH AVE, VANCOUVER",49.257292,-123.152892,2022,43,44,last_year,roundit-historical-v1
e2cadfcf-2c9f-518c-a7ae-e79b808bbcec,"DUNBAR ST & W 38TH AVE, VANCOUVER",49.237662,-123.185257,2022,3,1,last_year,roundit-historical-v1
e2d14cb1-c736-517e-a191-1390855aa9ac,"E PENDER ST & LILLOOET ST, VANCOUVER",49.280198,-123.038845,2022,2,2,last_year,roundit-historical-v1
e2e525eb-664d-52fb-b6be-35f175882b63,"EAST BOULEVARD & W 57TH AVE, VANCOUVER",49.219479,-123.150094,2022,1,3,last_year,roundit-historical-v1
e2ed8370-e4e3-5f29-bf5a-34ee5ad8ad09,"CLANCY LORANGER WAY & MIDLOTHIAN AVE, VANCOUVER",49.243009,-123.109102,2022,1,5,last_year,roundit-historical-v1
e32f7f10-ec8b-5e1b-b5c9-25d85c60a2eb,"E 7TH AVE & GLEN DR, VANCOUVER",49.264269,-123.081324,2022,6,2,last_year,roundit-historical-v1
e344ef53-0ee5-5c4c-8b55-28d54c9e9141,"DAVIE ST & GRANVILLE ST, VANCOUVER",49.277154,-123.126192,2022,26,28,last_year,roundit-historical-v1
e3674cd0-5d65-56de-a1c9-34bf125297a5,"E 53RD AVE & KNIGHT ST, VANCOUVER",49.221799,-123.077478,2022,17,15,last_year,roundit-historical-v1
e3752df7-0458-55f7-b5d5-cdc4e548ea6f,"OAK ST & W 59TH AVE, VANCOUVER",49.217118,-123.12925,2022,20,24,last_year,roundit-historical-v1
e3800c07-ccc3-5da7-b2d9-0a031340c83b,"DUNBAR ST & W 19TH AVE, VANCOUVER",49.255567,-123.185135,2022,3,1,last_year,roundit-historical-v1
e38ff0a6-b787-5ba9-b7e3-a70bc65bada9,"GRAVELEY ST & NANAIMO ST, VANCOUVER",49.270405,-123.056597,2022,1,2,last_year,roundit-historical-v1
e3acc2a5-f8bf-5780-8c04-e42db462490e,"CAMBIE ST & W 61ST AVE, VANCOUVER",49.215002,-123.116942,2022,2,2,last_year,roundit-historical-v1
e3eb1d86-c10a-5fc2-8821-9d6cbd3813c4,"MACDONALD ST & W 3RD AVE, VANCOUVER",49.269247,-123.168254,2022,1,3,last_year,roundit-historical-v1
e3faa74a-374c-5cce-9b93-bc278d726a9a,"E 21ST AVE & FRASER ST, VANCOUVER",49.251896,-123.090059,2022,4,2,last_year,roundit-historical-v1
e435f588-259d-53c9-bdb6-d56028d24665,"BIRCH ST & W 6TH AVE, VANCOUVER",49.266184,-123.133618,2022,4,6,last_year,roundit-historical-v1
e457abb3-35af-56b6-be34-353dd73ecc28,"TRAFALGAR ST & W 4TH AVE, VANCOUVER",49.268325,-123.164539,2022,9,13,last_year,roundit-historical-v1
e48e91b6-0588-592d-9417-f5efa62552f5,"JOYCE ST & KINGSWAY, VANCOUVER",49.234143,-123.035895,2022,72,119,last_year,roundit-historical-v1
e491b36d-e05e-550f-a43d-9f434846c908,"DUNBAR ST & W 25TH AVE, VANCOUVER",49.250062,-123.185196,2022,1,1,last_year,roundit-historical-v1
e4ced7d0-a363-5d27-8f36-f7456c00a815,"ARGYLE DR & E 57TH AVE, VANCOUVER",49.217878,-123.071197,2022,5,8,last_year,roundit-historical-v1
e4dc62ba-5ffd-5338-b881-2c114204c408,"E 7TH AVE & RENFREW ST, VANCOUVER",49.263866,-123.044319,2022,1,4,last_year,roundit-historical-v1
e518587b-256f-59d0-a627-7b24f8f9709b,"ALDER ST & W 8TH AVE, VANCOUVER",49.264398,-123.131313,2022,3,4,last_year,roundit-historical-v1
e5392cc8-bedd-573b-9a2b-a0d254a0372b,"CLARK DR & E 12TH AVE, VANCOUVER",49.259628,-123.077527,2022,63,82,last_year,roundit-historical-v1
e56f6a2c-2af9-5d34-8dda-66e5ab34ba6a,"BURRARD ST & W 4TH AVE, VANCOUVER",49.268005,-123.14564,2022,58,72,last_year,roundit-historical-v1
e5793ade-7efc-5ca3-b8e1-598fbe40e2ad,"E 10TH AVE & QUEBEC ST, VANCOUVER",49.262036,-123.103,2022,3,1,last_year,roundit-historical-v1
e595df55-66c5-536d-be4d-df425a2fc149,"COMMERCIAL DR & E 3RD AVE, VANCOUVER",49.267792,-123.069678,2022,19,18,last_year,roundit-historical-v1
e5a73a82-becc-5370-bd0e-d4029bf2e226,"DUNBAR ST & W 33RD AVE, VANCOUVER",49.242377,-123.185247,2022,7,6,last_year,roundit-historical-v1
e5e536b3-3373-5c7a-befb-4cffbca4bf96,"POWELL ST & PRINCESS AVE, VANCOUVER",49.283036,-123.091408,2022,3,3,last_year,roundit-historical-v1
e60697fd-6fcb-5259-ac54-e26470efc0cd,"GRANVILLE ST & LAURIER AVE, VANCOUVER",49.250841,-123.139056,2022,14,29,last_year,roundit-historical-v1
e61af1d5-c45b-57d5-8550-4bf94e954590,"E 25TH AVE & MAIN ST, VANCOUVER",49.248771,-123.10107,2022,4,1,last_year,roundit-historical-v1
e62a514d-d7e6-5f4c-b16a-74448b6df822,"MANITOBA ST & W 49TH AVE, VANCOUVER",49.22581,-123.108393,2022,5,5,last_year,roundit-historical-v1
e62b10b4-f665-5195-99aa-332863d114db,"MAIN ST & POWELL ST, VANCOUVER",49.283192,-123.09956,2022,9,15,last_year,roundit-historical-v1
e62c0f46-33eb-56ca-bf73-b53fd3954d55,"HEATHER ST & W 41ST AVE, VANCOUVER",49.233771,-123.12088,2022,5,5,last_year,roundit-historical-v1
e62e8bde-e76e-5126-afcc-b994225cad96,"BUTE ST & W HASTINGS ST, VANCOUVER",49.288794,-123.12276,2022,7,5,last_year,roundit-historical-v1
e636685e-13a1-52d7-8e4b-c6093836253e,"BURRARD ST & DUNSMUIR ST, VANCOUVER",49.285551,-123.119379,2022,20,30,last_year,roundit-historical-v1
e64ec321-3781-5af6-9f87-d5fd1e44632e,"EXPO BLVD & NELSON ST, VANCOUVER",49.274885,-123.11598,2022,13,15,last_year,roundit-historical-v1
e6761a5a-d28b-5afd-9cb7-3c650e2af851,"CAMBIE ST & W KENT AVE N, VANCOUVER",49.206071,-123.117291,2022,2,2,last_year,roundit-historical-v1
e689bd51-51e0-525f-8efc-6c408ab538eb,"BUTLER ST & E 49TH AVE, VANCOUVER",49.224663,-123.033692,2022,5,4,last_year,roundit-historical-v1
e692f4e9-e90f-5ddd-86ba-7d81cd6839bc,"INVERNESS ST & SE MARINE DR, VANCOUVER",49.211156,-123.079911,2022,14,13,last_year,roundit-historical-v1
e6e77e7a-6fb7-5be6-b42b-8ac0c7787d80,"RICHARDS ST & W CORDOVA ST, VANCOUVER",49.284708,-123.110918,2022,4,4,last_year,roundit-historical-v1
e6eb3d47-1629-55de-9f57-777a0e530bee,"E 49TH AVE & MAIN ST, VANCOUVER",49.225649,-123.10164,2022,72,68,last_year,roundit-historical-v1
e70bd2d3-133e-5709-916b-a71d4cbee950,"ONTARIO ST & W 4TH AVE, VANCOUVER",49.267375,-123.104719,2022,2,2,last_year,roundit-historical-v1
e74234ff-d249-5d64-a809-d6389eb56b32,"HUDSON ST & PARK DR, VANCOUVER",49.215609,-123.134149,2022,1,3,last_year,roundit-historical-v1
e7460bd8-3523-5181-b401-ec302b1e290c,"CITADEL PARADE & DUNSMUIR ST, VANCOUVER",49.279462,-123.11004,2022,1,5,last_year,roundit-historical-v1
e78c1d1e-9f4a-55af-9052-de21eb4ef5de,"E 27TH AVE & ONTARIO ST, VANCOUVER",49.247311,-123.105075,2022,2,1,last_year,roundit-historical-v1
e7bf8448-b700-5f42-8f52-765aa5a8f2b4,"HARO ST & JERVIS ST, VANCOUVER",49.286323,-123.12963,2022,1,2,last_year,roundit-historical-v1
e7c36eed-2ef5-5355-b728-38469e7e8123,"HEMLOCK ST & W 7TH AVE, VANCOUVER",49.265302,-123.136066,2022,4,9,last_year,roundit-historical-v1
e844cf79-4307-5b79-b1a3-3af61280648d,"COMMERCIAL DR & E 8TH AVE, VANCOUVER",49.262926,-123.069784,2022,1,3,last_year,roundit-historical-v1
e84546dd-7c4e-5c8b-90ad-02e64fe3646a,"ONTARIO ST & W 7TH AVE, VANCOUVER",49.264674,-123.10482,2022,3,1,last_year,roundit-historical-v1
e84eb4ea-90dc-59fc-ad1b-1bd6d6771d03,"E 43RD AVE & KNIGHT ST, VANCOUVER",49.230654,-123.077136,2022,5,7,last_year,roundit-historical-v1
e855edd2-19ad-5282-8c07-1ccf4da04040,"PRINCESS AVE & PRIOR ST, VANCOUVER",49.276632,-123.091675,2022,10,5,last_year,roundit-historical-v1
e856e1bc-5ccf-5b17-9725-8d8f7c692a89,"CARRALL ST & E CORDOVA ST, VANCOUVER",49.282429,-123.104267,2022,4,3,last_year,roundit-historical-v1
e8986650-0b60-5138-8cec-46e8826de952,"CULLODEN ST & E 33RD AVE, VANCOUVER",49.240216,-123.078983,2022,2,3,last_year,roundit-historical-v1
e8d081f4-479f-5d53-b49a-73dde8c6028d,"E 61ST AVE & MAIN ST, VANCOUVER",49.215001,-123.102023,2022,1,5,last_year,roundit-historical-v1
e9184f46-67b2-5af4-aa2d-d025b5501a2a,"MACDONALD ST & W 5TH AVE, VANCOUVER",49.267464,-123.168324,2022,3,3,last_year,roundit-historical-v1
e92761b3-0ee7-5482-ad48-6e5853085d14,"CAMBIE ST BRIDGE & EXPO BLVD, VANCOUVER",49.274779,-123.11612,2022,3,1,last_year,roundit-historical-v1
e98a2eb5-7fad-5f66-8fe6-d98441e9fd49,"COLUMBIA ST & W 2ND AVE, VANCOUVER",49.26923,-123.109427,2022,27,19,last_year,roundit-historical-v1
e9995301-c5ba-5e37-beee-841770b51a18,"E BROADWAY & PENTICTON ST, VANCOUVER",49.262006,-123.05221,2022,8,11,last_year,roundit-historical-v1
e9bb55dd-51fd-5136-9f22-d4fe6ce9de35,"BRUCE ST & E 49TH AVE, VANCOUVER",49.2252,-123.069937,2022,3,1,last_year,roundit-historical-v1
e9c6fd3c-a6e5-5705-a95e-63d6d1fa31c2,"E HASTINGS ST & WINDERMERE ST, VANCOUVER",49.281163,-123.036186,2022,19,15,last_year,roundit-historical-v1
e9c9c15e-e4dc-5b06-805c-ca9d6aba955b,"ASH ST & W 39TH AVE, VANCOUVER",49.235451,-123.117805,2022,2,1,last_year,roundit-historical-v1
ea3a32d7-6273-595a-b844-b6cbe2290342,"HULL ST & VICTORIA DR, VANCOUVER",49.251867,-123.065218,2022,3,2,last_year,roundit-historical-v1
ea3fd9ff-a023-53bf-a3d3-5161b2bde4f3,"ADANAC ST & NANAIMO ST, VANCOUVER",49.277469,-123.056561,2022,6,7,last_year,roundit-historical-v1
ea4186ef-6728-5e74-8d23-01176dca5f78,"E 38TH AVE & VICTORIA DR, VANCOUVER",49.235922,-123.065471,2022,12,11,last_year,roundit-historical-v1
ea7ee685-f8ea-57a1-9c88-b58eca903de1,"ONTARIO ST & W 49TH AVE, VANCOUVER",49.225745,-123.105898,2022,10,2,last_year,roundit-historical-v1
ea8e3ba1-bc5a-563f-823a-4440a36d6f34,"E 4TH AVE & MCLEAN DR, VANCOUVER",49.266902,-123.075482,2022,1,1,last_year,roundit-historical-v1
eaf0fb45-8c5b-5396-b8af-4ee5a321ecd8,"E 16TH AVE & FRASER ST, VANCOUVER",49.256565,-123.089884,2022,11,12,last_year,roundit-historical-v1
eb1a5648-5151-515e-be3b-186afc2ef6af,"E 22ND AVE & RENFREW ST, VANCOUVER",49.250627,-123.044181,2022,11,16,last_year,roundit-historical-v1
eb20230f-822b-5aca-a5f9-609dcd729e8f,"NATIONAL AVE & STATION ST, VANCOUVER",49.274549,-123.098548,2022,4,2,last_year,roundit-historical-v1
eb378650-9af4-5b18-a204-8c497964d134,"DUNLEVY AVE & E PENDER ST, VANCOUVER",49.280298,-123.095441,2022,6,3,last_year,roundit-historical-v1
ebac1f8b-40c5-5b48-bab8-43591bbad115,"E 11TH AVE & MAIN ST, VANCOUVER",49.261116,-123.101137,2022,7,7,last_year,roundit-historical-v1
ebeaee7f-e4a7-5a79-8f5f-cae92a8ddc5f,"E 55TH AVE & KNIGHT ST, VANCOUVER",49.219585,-123.077272,2022,14,13,last_year,roundit-historical-v1
ebf90d35-50ec-5687-ba1d-9f15d32ced4a,"OAK ST & W 28TH AVE, VANCOUVER",49.246306,-123.127662,2022,9,8,last_year,roundit-historical-v1
ec12d7bb-ccfa-59ed-8e3e-961360778d22,"CAMBIE ST & W 24TH AVE, VANCOUVER",49.250095,-123.11536,2022,2,3,last_year,roundit-historical-v1
ec1a8722-106b-5aea-b209-a88f820cbfbb,"CAMBIE ST & W 17TH AVE, VANCOUVER",49.255869,-123.115114,2022,13,7,last_year,roundit-historical-v1
ec6d9285-ae7e-5e9f-b159-375ccb1ddf8b,"BURRARD ST & ROBSON ST, VANCOUVER",49.283281,-123.122803,2022,38,30,last_year,roundit-historical-v1
ec78f5ee-b392-53e9-b970-ef704d427658,"POPLAR ST & SE MARINE DR, VANCOUVER",49.211029,-123.093295,2022,4,3,last_year,roundit-historical-v1
ed1ce33e-b741-5672-ad57-fdb6c9e9d935,"ALMA ST & W 16TH AVE, VANCOUVER",49.257937,-123.186093,2022,3,3,last_year,roundit-historical-v1
ed2d03a0-3de6-5355-9a6c-bb4d4fdd590a,"HAMILTON ST & HELMCKEN ST, VANCOUVER",49.275925,-123.121068,2022,2,2,last_year,roundit-historical-v1
eda9940b-2bd7-5393-bc73-087084409b17,"HARWOOD ST & THURLOW ST, VANCOUVER",49.278981,-123.133325,2022,13,13,last_year,roundit-historical-v1
edbadcec-1518-53ce-ad00-44880d20d01b,"MCLEAN DR & VENABLES ST, VANCOUVER",49.276726,-123.07431,2022,5,7,last_year,roundit-historical-v1
edc98ce4-f6b7-5107-8b6a-8833c0f38d36,"HORLEY ST & RUPERT ST, VANCOUVER",49.237355,-123.040967,2022,2,2,last_year,roundit-historical-v1
edcda2f1-960b-5895-941b-48a67ace0879,"E 29TH AVE & MAIN ST, VANCOUVER",49.244458,-123.101309,2022,26,22,last_year,roundit-historical-v1
ede0df72-4245-509c-90b3-68e309b7fa04,"BIRCH ST & W 12TH AVE, VANCOUVER",49.260718,-123.133828,2022,5,8,last_year,roundit-historical-v1
edf0c67b-0135-5600-9ca4-f979f055fd63,"TRAFALGAR ST & W KING EDWARD AVE, VANCOUVER",49.248073,-123.165357,2022,2,3,last_year,roundit-historical-v1
edf196d7-8be7-51cb-b2e1-b016ee6112c0,"BAYSHORE DR & CARDERO ST, VANCOUVER",49.291418,-123.129298,2022,3,6,last_year,roundit-historical-v1
edf2a999-9d2a-5e95-b677-e3ecebf92201,"KNIGHT ST BRIDGE & SE MARINE DR OFFRAMP, VANCOUVER",49.211079,-123.077129,2022,5,3,last_year,roundit-historical-v1
edf3b029-dbf4-5ef8-9e8c-dbc154fac6d9,"CLARK DR & E 1ST AVE, VANCOUVER",49.269649,-123.077365,2022,87,92,last_year,roundit-historical-v1
edfa40bd-d9ac-5e28-8f99-d23e7226d574,"E HASTINGS ST & SKEENA ST, VANCOUVER",49.281132,-123.02833,2022,23,25,last_year,roundit-historical-v1
ee3aff7c-578e-5b22-9737-1f035c270813,"VINE ST & W 41ST AVE, VANCOUVER",49.234653,-123.159937,2022,13,8,last_year,roundit-historical-v1
ee5d0b4a-c412-5642-b149-ebe6a55120e2,"W 4TH AVE & YUKON ST, VANCOUVER",49.267587,-123.112702,2022,2,1,last_year,roundit-historical-v1
ee8b4112-d444-5fc8-810b-f5cdacf964b1,"BEACH AVE & CARDERO ST, VANCOUVER",49.283079,-123.141787,2022,1,2,last_year,roundit-historical-v1
eec23406-5876-5972-8e83-20dc7b8ac711,"W 42ND AVE & YEW ST, VANCOUVER",49.233657,-123.158533,2022,6,7,last_year,roundit-historical-v1
eed90726-0051-5b8a-8f21-8fd2b468d4af,"E 35TH AVE & KNIGHT ST, VANCOUVER",49.238535,-123.076713,2022,3,2,last_year,roundit-historical-v1
eedd64e7-67d5-555d-a5aa-4988943b93b1,"W 45TH AVE & WEST BOULEVARD, VANCOUVER",49.230864,-123.155707,2022,7,12,last_year,roundit-historical-v1
eeefd419-ddfd-59e4-92aa-94dcba1da65b,"SOPHIA ST & WEBBER AVE, VANCOUVER",49.248212,-123.099096,2022,1,2,last_year,roundit-historical-v1
ef09ee01-b7bc-58c3-8542-49fc30132138,"BURRARD ST BRIDGE & PACIFIC ST, VANCOUVER",49.276971,-123.132435,2022,6,7,last_year,roundit-historical-v1
ef41ae16-4b44-5d01-81c5-d2323111e2bb,"FRENCH ST & W 70TH AVE, VANCOUVER",49.208596,-123.13921,2022,5,5,last_year,roundit-historical-v1
ef5025e1-337a-55d0-9743-abd98b012a27,"BOUNDARY RD & E 47TH AVE, VANCOUVER",49.226376,-123.023523,2022,3,5,last_year,roundit-historical-v1
ef7ca118-8835-56e6-8b93-127a36883e35,"GRANVILLE ST & W 55TH AVE, VANCOUVER",49.220813,-123.140059,2022,2,6,last_year,roundit-historical-v1
efba0487-78bb-58ef-a064-3ca4925c69c3,"E 23RD AVE & FRASER ST, VANCOUVER",49.250092,-123.090117,2022,3,3,last_year,roundit-historical-v1
efbc94f7-b42e-53a9-a321-f25587f8551b,"KITCHENER ST & VICTORIA DR, VANCOUVER",49.272097,-123.06571,2022,4,1,last_year,roundit-historical-v1
efc9f438-5c8a-5d0c-a82e-120b9b6c510d,"DUNLEVY AVE & E HASTINGS ST, VANCOUVER",49.281274,-123.095406,2022,5,14,last_year,roundit-historical-v1
eff3d266-6e11-5ab0-a89a-86de66a93d2e,"W 2ND AVE & WYLIE ST, VANCOUVER",49.267507,-123.113031,2022,12,13,last_year,roundit-historical-v1
eff5c362-ef60-50c9-b01e-583388b46ecf,"OAK ST & W 23RD AVE, VANCOUVER",49.25082,-123.12749,2022,8,7,last_year,roundit-historical-v1
f0039746-45fc-5147-a93c-0111c56243ce,"BOUNDARY RD & E 46TH AVE, VANCOUVER",49.228093,-123.023516,2022,5,3,last_year,roundit-historical-v1
f02d825b-eb6c-500d-8411-e2bf568a9c16,"E 20TH AVE & KNIGHT ST, VANCOUVER",49.2526,-123.075999,2022,1,4,last_year,roundit-historical-v1
f02de073-05c2-587f-bc45-65eccc36fe43,"DUNBAR ST & W 14TH AVE, VANCOUVER",49.259816,-123.184004,2022,4,2,last_year,roundit-historical-v1
f082353a-b00f-5bdf-b935-5393fdf88676,"BURRARD ST & W 2ND AVE, VANCOUVER",49.269782,-123.145561,2022,17,12,last_year,roundit-historical-v1
f086a4d0-8b01-5fed-bd4b-f3c0008534e0,"CHESTER ST & E 45TH AVE, VANCOUVER",49.229141,-123.089292,2022,2,2,last_year,roundit-historical-v1
f08c798a-814d-55f4-b5cb-d6fef9f40338,"ANGUS DR & GRANVILLE ST, VANCOUVER",49.254557,-123.138912,2022,7,16,last_year,roundit-historical-v1
f0addaf4-49d5-51fb-a3f8-1b69d24498a4,"NICOLA ST & ROBSON ST, VANCOUVER",49.288661,-123.131118,2022,11,10,last_year,roundit-historical-v1
f0cca176-93d7-5ac2-bc6c-20f60d6e8abe,"MAPLE CRES & W KING EDWARD AVE, VANCOUVER",49.250876,-123.151443,2022,2,2,last_year,roundit-historical-v1
f0de2b15-34c1-5069-bc41-fb9f9736d46e,"GORE AVE & POWELL ST, VANCOUVER",49.283157,-123.097714,2022,9,8,last_year,roundit-historical-v1
f0f60875-c2aa-519d-b99a-e8dfb2611761,"E 49TH AVE & PRINCE ALBERT ST, VANCOUVER",49.225419,-123.088019,2022,2,4,last_year,roundit-historical-v1
f11251d7-1d7c-5b53-ad23-107c993cc097,"W 48TH AVE & WEST BOULEVARD, VANCOUVER",49.228118,-123.155642,2022,1,5,last_year,roundit-historical-v1
f14334aa-4d55-56e7-aa53-66337846971d,"OAK ST & W 12TH AVE, VANCOUVER",49.260586,-123.126708,2022,51,55,last_year,roundit-historical-v1
f143903a-1b27-534c-97a2-9a6daf3f31b2,"KINGSWAY & PERRY ST, VANCOUVER",49.248018,-123.071292,2022,6,14,last_year,roundit-historical-v1
f14bc062-5574-50a8-a927-02ef0ecb9bc4,"BUTE ST & W CORDOVA ST, VANCOUVER",49.289222,-123.122073,2022,2,5,last_year,roundit-historical-v1
f15d2f07-e841-5146-9f11-962b152d2926,"W 16TH AVE & WALLACE ST, VANCOUVER",49.257992,-123.190978,2022,6,2,last_year,roundit-historical-v1
f17970b4-50dc-5e9c-8f4c-bc6fdadcc36a,"DOMAN ST & E 49TH AVE, VANCOUVER",49.224683,-123.036634,2022,8,8,last_year,roundit-historical-v1
f17d464a-fef7-58af-97b3-d0e2f3d45257,"ASH ST & W 8TH AVE, VANCOUVER",49.264176,-123.117463,2022,13,11,last_year,roundit-historical-v1
f1a07978-37a0-5d66-9a18-a507ab3cb1c3,"GRANVILLE ST & W 10TH AVE, VANCOUVER",49.262638,-123.138541,2022,36,35,last_year,roundit-historical-v1
f1d3edb6-d44e-5aaf-b8aa-150c75ca49c6,"E 11TH AVE & FRASER ST, VANCOUVER",49.26062,-123.089171,2022,3,2,last_year,roundit-historical-v1
f1d5ad9b-5dc4-5eb0-adac-c06175b0822c,"CAMBIE ST & W PENDER ST, VANCOUVER",49.28156,-123.110066,2022,9,15,last_year,roundit-historical-v1
f1f560a1-5e74-52a6-ae13-2ae3b8acd2f3,"E 41ST AVE & FLEMING ST, VANCOUVER",49.232658,-123.072905,2022,10,10,last_year,roundit-historical-v1
f227f8c3-f7b5-5d9c-981d-b48290dd5ded,"CAMBIE ST & W 10TH AVE, VANCOUVER",49.262239,-123.114914,2022,21,20,last_year,roundit-historical-v1
f25c14c8-6471-5094-b12f-8eefba2b5608,"HEATLEY AVE & PRIOR ST, VANCOUVER",49.276592,-123.089737,2022,5,8,last_year,roundit-historical-v1
f2859035-cd46-5581-a13a-390f6c494f90,"EUCLID AVE & JOYCE ST, VANCOUVER",49.236424,-123.033627,2022,10,18,last_year,roundit-historical-v1
f28d0eef-c3dc-5dda-973c-62df992cb139,"CLARK DR & GRAVELEY ST, VANCOUVER",49.270564,-123.077353,2022,1,2,last_year,roundit-historical-v1
f28d4bf4-2a18-55d2-89c9-64863ae3bbe4,"BURRARD ST & W 14TH AVE, VANCOUVER",49.259051,-123.145937,2022,1,3,last_year,roundit-historical-v1
f2b9eb7b-defe-5601-a9da-9653722cd095,"COMMERCIAL DR & E 10TH AVE, VANCOUVER",49.26138,-123.069805,2022,11,16,last_year,roundit-historical-v1
f2d12c6d-ea04-5b0c-9f95-47486fb3dc24,"CYPRESS ST & W 5TH AVE, VANCOUVER",49.267203,-123.148017,2022,2,1,last_year,roundit-historical-v1
f3054202-14ea-5c29-a450-99b21645fada,"COMMERCIAL ST & E 20TH AVE, VANCOUVER",49.252409,-123.068048,2022,2,1,last_year,roundit-historical-v1
f30f6e05-6a59-56d2-88ec-384eb88e5085,"OAK ST & W 27TH AVE, VANCOUVER",49.247226,-123.1276,2022,4,5,last_year,roundit-historical-v1
f333142e-b37f-5a46-8e42-c6360809fc36,"DUMFRIES ST & E 41ST AVE, VANCOUVER",49.232673,-123.07429,2022,7,7,last_year,roundit-historical-v1
f357fddd-361e-5247-af8e-a05009fa8eb9,"OAK ST & W 42ND AVE, VANCOUVER",49.23301,-123.128112,2022,4,3,last_year,roundit-historical-v1
f36d7535-85a1-5a48-9392-1b6f432bb87a,"MCGILL ST & N NANAIMO ST, VANCOUVER",49.288646,-123.056303,2022,9,6,last_year,roundit-historical-v1
f3cb2e99-731c-5b3f-a80a-f2ae270458db,"HOWE ST & NELSON ST, VANCOUVER",49.279909,-123.124039,2022,34,39,last_year,roundit-historical-v1
f3dc925e-ba0d-5d36-8f19-78de0825cf24,"GRANVILLE ST & W 47TH AVE, VANCOUVER",49.228775,-123.139736,2022,6,12,last_year,roundit-historical-v1
f408a756-81f1-58f2-ab2d-056645ff5c0d,"GRANVILLE ST & W 67TH AVE, VANCOUVER",49.210886,-123.140448,2022,10,13,last_year,roundit-historical-v1
f418f4e2-7d5c-5b7b-9fcb-25ce1c39ffd3,"BARCLAY ST & DENMAN ST, VANCOUVER",49.29007,-123.137549,2022,9,10,last_year,roundit-historical-v1
f4194417-2c8e-5061-9719-f2005c6acf3b,"JOYCE ST & VANNESS AVE, VANCOUVER",49.23824,-123.031848,2022,18,26,last_year,roundit-historical-v1
f43d8592-ca4e-56cf-abae-93ae3018174a,"BURRARD ST & DRAKE ST, VANCOUVER",49.278036,-123.130786,2022,7,9,last_year,roundit-historical-v1
f4cd376a-ef87-59b5-afab-591c00efc6a0,"MACDONALD ST & W 13TH AVE, VANCOUVER",49.260473,-123.168292,2022,2,1,last_year,roundit-historical-v1
f56ae75e-274f-5eed-a506-e6b72a73a828,"OAK ST & W 45TH AVE, VANCOUVER",49.230214,-123.128216,2022,2,5,last_year,roundit-historical-v1
f5757fcd-0b22-5a39-b879-d9968e669977,"FIR ST & W 2ND AVE, VANCOUVER",49.269712,-123.140791,2022,6,10,last_year,roundit-historical-v1
f59ca3b7-534e-5a82-8ca1-85016ad33a38,"DUNBAR ST & W KING EDWARD AVE, VANCOUVER",49.250062,-123.185196,2022,5,13,last_year,roundit-historical-v1
f5c797af-86e3-55ac-949c-0c7fbe1ffd55,"MACDONALD ST & W 49TH AVE, VANCOUVER",49.227315,-123.16743,2022,15,25,last_year,roundit-historical-v1
f5d37b49-524d-5051-b866-64989db0bd17,"E 59TH AVE & PRINCE EDWARD ST, VANCOUVER",49.216657,-123.097784,2022,4,2,last_year,roundit-historical-v1
f5f8586c-ee74-5642-997c-3c02cb13d0e0,"DUNLEVY AVE & PRIOR ST, VANCOUVER",49.276695,-123.095587,2022,1,1,last_year,roundit-historical-v1
f62c4c6e-b217-5313-89b2-67d2311b12a9,"COMMERCIAL DR & MCSPADDEN AVE, VANCOUVER",49.266436,-123.06971,2022,2,3,last_year,roundit-historical-v1
f6534dbc-e7a2-5b76-899e-157f538c3fbd,"HEMLOCK ST & W 14TH AVE, VANCOUVER",49.258872,-123.136277,2022,6,2,last_year,roundit-historical-v1
f657f9e8-f552-58da-8f5d-c51f608f52a5,"E CORDOVA ST & HEATLEY AVE, VANCOUVER",49.282097,-123.089494,2022,6,1,last_year,roundit-historical-v1
f66a8656-9882-51a1-997a-c68df0c93288,"KINGSWAY & MAIN ST, VANCOUVER",49.264471,-123.100924,2022,19,27,last_year,roundit-historical-v1
f67d9d7d-2ccc-56f3-ae84-13f3b18cd9e5,"E BROADWAY & QUEBEC ST, VANCOUVER",49.262966,-123.102961,2022,6,3,last_year,roundit-historical-v1
f6b1323d-8578-543b-bce4-c655b33501b5,"NELSON ST & NICOLA ST, VANCOUVER",49.286548,-123.13431,2022,4,4,last_year,roundit-historical-v1
f6c4e53d-675c-581a-80e5-e17c56ef1b65,"E 59TH AVE & KNIGHT ST, VANCOUVER",49.216388,-123.077057,2022,31,31,last_year,roundit-historical-v1
f6e47c51-961b-51a8-b836-5c81c7086bea,"PINE CRES & W 33RD AVE, VANCOUVER",49.242011,-123.146792,2022,7,4,last_year,roundit-historical-v1
f6e9a112-610e-5449-8ff6-ebc55e756fcf,"COLUMBIA ST & SW MARINE DR, VANCOUVER",49.21142,-123.112814,2022,2,7,last_year,roundit-historical-v1
f70c823f-9939-5b5c-8dc2-95d7e07e7a09,"OAK ST & W 25TH AVE, VANCOUVER",49.249237,-123.127511,2022,8,5,last_year,roundit-historical-v1
f70df7f2-9986-5f30-8df4-e8e8b74bce3c,"HIGHBURY ST & W 8TH AVE, VANCOUVER",49.265263,-123.187733,2022,3,2,last_year,roundit-historical-v1
f72ec18d-a20c-5979-be69-d790425f1205,"E 49TH AVE & KNIGHT ST, VANCOUVER",49.225279,-123.077324,2022,84,95,last_year,roundit-historical-v1
f73d96c8-e54d-5919-9b7d-d941ef350a96,"BATTISON ST & KINGSWAY, VANCOUVER",49.231971,-123.030602,2022,1,2,last_year,roundit-historical-v1
f742490a-d1e5-5731-a2b1-b82633db74f9,"E BROADWAY & GARDEN DR, VANCOUVER",49.262242,-123.058157,2022,5,4,last_year,roundit-historical-v1
f7590391-ca47-5f9e-8f58-87172b534ade,"BEATTY ST & W PENDER ST, VANCOUVER",49.28122,-123.108459,2022,9,7,last_year,roundit-historical-v1
f7684c0f-5b45-5970-a170-8904277c49ba,"E HASTINGS ST & GARDEN DR, VANCOUVER",49.28117,-123.057838,2022,11,16,last_year,roundit-historical-v1
f7730241-e656-5f95-bb6c-7de2ae41b8bc,"E 17TH AVE & RUPERT ST, VANCOUVER",49.254735,-123.033798,2022,1,3,last_year,roundit-historical-v1
f7893eff-9b66-5b97-87ba-6cbfec6659ac,"ASH ST & W 41ST AVE, VANCOUVER",49.23366,-123.117864,2022,7,2,last_year,roundit-historical-v1
f78f080b-ef8c-50f3-ac48-ec1c40178b04,"E 15TH AVE & MAIN ST, VANCOUVER",49.257507,-123.101198,2022,14,15,last_year,roundit-historical-v1
f7d8355d-2a20-511e-a43a-7c3daf6b07f1,"CARRALL ST & WATER ST, VANCOUVER",49.283473,-123.104222,2022,3,4,last_year,roundit-historical-v1
f7f274d2-fb27-50be-8f7f-6645a12ef3fd,"E 50TH AVE & MAIN ST, VANCOUVER",49.224713,-123.101642,2022,11,15,last_year,roundit-historical-v1
f7fd5c30-67f8-5dd4-a1b4-3ea3e646e42b,"E 48TH AVE & FRASER ST, VANCOUVER",49.226525,-123.090723,2022,19,17,last_year,roundit-historical-v1
f8188937-ad36-56fa-90bb-268c0ebabfd5,"CLARK DR & E 8TH AVE, VANCOUVER",49.263332,-123.077527,2022,4,6,last_year,roundit-historical-v1
f827e9fd-63a3-5bc7-af7c-48952fd14454,"CHESTER ST & SE MARINE DR, VANCOUVER",49.211036,-123.089575,2022,3,12,last_year,roundit-historical-v1
f842451c-b7fd-52d9-bf00-72ebcd74b3af,"E HASTINGS ST & MCLEAN DR, VANCOUVER",49.28131,-123.074117,2022,16,25,last_year,roundit-historical-v1
f87e8872-e0b4-5954-a366-dab2ee92fd75,"E 51ST AVE & VICTORIA DR, VANCOUVER",49.223428,-123.065811,2022,2,2,last_year,roundit-historical-v1
f8a9384e-27a1-529a-b791-b743bf2d4e0a,"GRANVILLE ST & W 40TH AVE, VANCOUVER",49.235364,-123.139588,2022,8,13,last_year,roundit-historical-v1
f8bdb1ce-326d-59c0-a94a-36bf21555f84,"CAMBIE ST & W 40TH AVE, VANCOUVER",49.234467,-123.116043,2022,5,2,last_year,roundit-historical-v1
f9112fa7-e7c2-51d9-b008-5d9fa00a9bb1,"JACKSON AVE & KEEFER ST, VANCOUVER",49.279366,-123.09351,2022,3,4,last_year,roundit-historical-v1
f924baa8-71b7-5ca1-8b77-e4340d299891,"E 59TH AVE & MAIN ST, VANCOUVER",49.216737,-123.101954,2022,4,9,last_year,roundit-historical-v1
f9528a0b-6416-56ba-8870-d862b3816a07,"NANAIMO ST & VENABLES ST, VANCOUVER",49.27661,-123.056568,2022,2,7,last_year,roundit-historical-v1
f98e4256-a5c6-5388-863b-8d226e6a25c2,"CARTWRIGHT ST & JOHNSTON ST, VANCOUVER",49.269513,-123.131869,2022,3,6,last_year,roundit-historical-v1
f98efd0b-f154-57d4-8000-559b2ff4d448,"BEGG ST & TERMINAL AVE, VANCOUVER",49.270683,-123.087441,2022,14,8,last_year,roundit-historical-v1
f99ec192-0883-5a46-93af-4e164ab8068a,"ASH ST & W BROADWAY, VANCOUVER",49.26325,-123.11752,2022,26,37,last_year,roundit-historical-v1
f9b6619f-1434-515c-af1e-037da6e7f743,"COLUMBIA ST & W 5TH AVE, VANCOUVER",49.266577,-123.109451,2022,3,6,last_year,roundit-historical-v1
f9ba8bac-aea7-52c5-9a4c-67b760827d8f,"ALMA ST & W 5TH AVE, VANCOUVER",49.267752,-123.185727,2022,2,3,last_year,roundit-historical-v1
f9c7b156-d12c-544c-806d-f4558cebc11d,"CHESTNUT ST & WHYTE AVE, VANCOUVER",49.275305,-123.146217,2022,5,2,last_year,roundit-historical-v1
fa084d60-ec03-5da3-aad7-f1eb57949c81,"HUDSON ST & W 70TH AVE, VANCOUVER",49.208533,-123.134489,2022,8,8,last_year,roundit-historical-v1
fa21f506-0c7b-53c2-b008-0cab73c1bf5c,"E 41ST AVE & KNIGHT ST, VANCOUVER",49.232692,-123.077064,2022,96,98,last_year,roundit-historical-v1
fa7ff852-639b-5daa-a991-03fed4965b40,"BEATTY ST & DUNSMUIR VIADUCT, VANCOUVER",49.279839,-123.110537,2022,1,1,last_year,roundit-historical-v1
fa99f8f4-907b-5d46-b0ab-9f6180ac6da3,"GILFORD ST & ROBSON ST, VANCOUVER",49.292474,-123.137027,2022,1,2,last_year,roundit-historical-v1
faa891e8-123a-506d-9594-ef3f27de9112,"CAMBIE ST & W 65TH AVE, VANCOUVER",49.211423,-123.117229,2022,1,1,last_year,roundit-historical-v1
faba7e59-97a1-589c-b433-5cca929a8d8b,"E 11TH AVE & VICTORIA DR, VANCOUVER",49.26044,-123.065934,2022,1,4,last_year,roundit-historical-v1
fac25484-ae4e-5316-b63d-dcfd2d979b37,"W 37TH AVE & WEST BOULEVARD, VANCOUVER",49.238291,-123.155447,2022,8,1,last_year,roundit-historical-v1
fad2e852-114b-5d8e-8c21-a767cfbd52c6,"E 61ST AVE & KNIGHT ST, VANCOUVER",49.214627,-123.077086,2022,29,26,last_year,roundit-historical-v1
faf6c274-a5d8-5c04-b253-77be4fa9e3b2,"GALT ST & NANAIMO ST, VANCOUVER",49.242602,-123.057357,2022,3,3,last_year,roundit-historical-v1
fb12081e-9e1f-53fb-98d1-4cc1fc36f6c6,"ANGUS DR & W KING EDWARD AVE, VANCOUVER",49.249577,-123.146099,2022,1,4,last_year,roundit-historical-v1
fb6c4ccb-c172-5993-abbd-268522da80ee,"CAROLINA ST & GREAT NORTHERN WAY, VANCOUVER",49.266785,-123.090802,2022,5,5,last_year,roundit-historical-v1
fc038423-179d-57c3-a447-7c8afa1e0564,"DUNBAR ST & W 24TH AVE, VANCOUVER",49.251052,-123.185189,2022,1,3,last_year,roundit-historical-v1
fc413688-23ff-5e70-b0b0-ab479b2f6e80,"E 16TH AVE & SOPHIA ST, VANCOUVER",49.256545,-123.098439,2022,6,4,last_year,roundit-historical-v1
fc662a04-eb03-5b28-8a72-c98134c32caa,"OAK ST & SW MARINE DR, VANCOUVER",49.204796,-123.129863,2022,35,57,last_year,roundit-historical-v1
fc9cbc1a-ffc9-5e5c-91b8-6462ff86ba99,"ARBUTUS ST & W 4TH AVE, VANCOUVER",49.268116,-123.152773,2022,55,65,last_year,roundit-historical-v1
fcb1b911-e309-58b1-8d51-c3479b103efb,"E 30TH AVE & FRASER ST, VANCOUVER",49.243531,-123.090305,2022,9,10,last_year,roundit-historical-v1
fcb6e011-6627-5ced-9912-448e03c5b1a9,"CARRALL ST & PACIFIC BLVD, VANCOUVER",49.277106,-123.106445,2022,5,8,last_year,roundit-historical-v1
fd414e47-e427-55f8-8758-467a7107a93c,"BEACH AVE & DENMAN ST, VANCOUVER",49.286911,-123.142346,2022,4,3,last_year,roundit-historical-v1
fd732e4e-c989-54ed-baff-3cbf654c2f0d,"E 1ST AVE & WOODLAND DR, VANCOUVER",49.269622,-123.07349,2022,12,11,last_year,roundit-historical-v1
fd829a6e-ff5f-5f84-82b8-8473c5c795df,"PANDORA ST & VICTORIA DR, VANCOUVER",49.283041,-123.065551,2022,6,4,last_year,roundit-historical-v1
fda46218-ffc2-5016-ad03-cc72a8cd5636,"E 7TH AVE & MAIN ST, VANCOUVER",49.264471,-123.100924,2022,30,68,last_year,roundit-historical-v1
fe189d40-7169-572f-89b0-01394c886a02,"BALACLAVA ST & W 41ST AVE, VANCOUVER",49.234751,-123.176728,2022,4,1,last_year,roundit-historical-v1
fe19d81c-1d3b-5486-9f7a-fc39c651c6e4,"BOUNDARY RD & E 49TH AVE, VANCOUVER",49.221948,-123.023697,2022,36,40,last_year,roundit-historical-v1
fe3c1810-1460-5317-8e00-0ae5a321b6eb,"E 33RD AVE & QUEBEC ST, VANCOUVER",49.240528,-123.102739,2022,2,3,last_year,roundit-historical-v1
fe6d076e-9335-5948-baab-3ff9bad8fd7a,"ALMA ST & W 11TH AVE, VANCOUVER",49.262547,-123.185921,2022,2,4,last_year,roundit-historical-v1
fe821df7-3896-52c7-966a-e26695f0e57a,"COLLEGE ST & KINGSWAY, VANCOUVER",49.236056,-123.044366,2022,8,2,last_year,roundit-historical-v1
fed6bb7b-efbe-5ed8-8829-fa8df3c2903e,"COMMERCIAL DR & GRANT ST, VANCOUVER",49.271372,-123.069625,2022,11,16,last_year,roundit-historical-v1
fee99d73-63cb-5fc1-985c-0fbe6242d4b2,"COMMERCIAL DR & E 11TH AVE, VANCOUVER",49.260447,-123.069828,2022,13,12,last_year,roundit-historical-v1
fef024da-c09d-5649-a6a5-15d4622ba22a,"BOUNDARY RD & NAPIER ST, VANCOUVER",49.274875,-123.023534,2022,4,1,last_year,roundit-historical-v1
fef4168d-2b29-578b-ad5e-42dc35c04ff9,"VENABLES ST & VICTORIA DR, VANCOUVER",49.276646,-123.065622,2022,4,12,last_year,roundit-historical-v1
ff2420a9-b71e-569f-828b-1e1a7ad83130,"CAMBIE ST & W 19TH AVE, VANCOUVER",49.253984,-123.11521,2022,18,16,last_year,roundit-historical-v1
ff2c6370-7035-55b1-9862-e347ddd3aedd,"E 5TH AVE & MAIN ST, VANCOUVER",49.266429,-123.100864,2022,14,25,last_year,roundit-historical-v1
ff4845c1-19ea-5fd5-b9ae-1ec34b8ea93f,"ONTARIO ST & W 41ST AVE, VANCOUVER",49.233154,-123.105611,2022,2,5,last_year,roundit-historical-v1
ff5124b7-eb80-5ce7-bab4-e2f8c8f9f8e0,"COMMERCIAL DR & E 14TH AVE, VANCOUVER",49.257754,-123.069867,2022,4,4,last_year,roundit-historical-v1
ff66d048-aea4-548b-9e8a-a0fb9485f6d7,"MARINE WAY & SAWMILL CRES, VANCOUVER",49.206374,-123.027165,2022,13,24,last_year,roundit-historical-v1
ff6ba83f-a69e-5305-b0ce-419a740483e6,"E 30TH AVE & GLADSTONE ST, VANCOUVER",49.242793,-123.062644,2022,7,3,last_year,roundit-historical-v1
ff7cf8c8-478a-5237-8083-8eeb0ac46bc9,"COLUMBIA ST & W 6TH AVE, VANCOUVER",49.265645,-123.109461,2022,3,3,last_year,roundit-historical-v1
ffaf59e0-67ca-5398-9163-6cfd6f8abfba,"VICTORIA DR & WAVERLEY AVE, VANCOUVER",49.227185,-123.065667,2022,6,4,last_year,roundit-historical-v1
ffca91d5-a449-53a4-96b2-9eb7f6626ca1,"BLENHEIM ST & W 8TH AVE, VANCOUVER",49.26511,-123.177793,2022,1,1,last_year,roundit-historical-v1
ffd7b980-ab33-57ca-b2f2-886d0dd8676c,"SPRUCE ST & W 12TH AVE, VANCOUVER",49.260608,-123.1291,2022,8,3,last_year,roundit-historical-v1
ffef5acd-8ce6-539c-b2cf-6397c0557899,"MELVILLE ST & THURLOW ST, VANCOUVER",49.286463,-123.121986,2022,17,18,last_year,roundit-historical-v1
